.004036033
.005979347
.004840963
.011846974
.003663415
.008306285
.006050778
.004797205
.012488853
.007680322
.015398897
.013743222
.019035764
.012483215
.011924209
.008748500
.014534974
.014997993
.017025998
.012554841
.006211528
.010419710
.020160030
.017971008
.019429297
.026081989
.026001044
.013607983
.029091353
.016730333
.010162261
.011803415
.012200765
.024146357
.019380392
.017254724
.014212784
.026815370
.012582246
.012904988
.015273042
.010845680
.022318355
.010922175
.018019110
.009841121
.022551774
.012867718
.014474614
.016202832
.020656288
.026037098
.023066245
.013687917
.030072710
.011527809
.037451346
.009386653
.015616514
.019469460
.009042909
.020664657
.016721153
.012700110
.014732615
.015544407
.012624415
.016495953
.014686681
.022945047
.008449045
.012408646
.020992934
.014927836
.017312474
.009821003
.020582292
.018605924
.051948233
.007513828
.016885698
.013975364
.014697579
.009325821
.013861085
.030333375
.008332088
.010819924
.014652007
.020607726
.016408052
.008922595
.038066082
.021525584
.011971085
.041870730
.016923914
.014496848
.018021070
.036228074
.006832897
.003890776
.003185095
.008954498
.006250729
.009404106
.005411445
.006093557
.006745710
.006830644
.004724360
.003988804
.023320677
.010029907
.014830669
.007339539
.008089507
.010550850
.006901444
.011508830
.015483867
.018112416
.011749411
.017755385
.019198113
.011877359
.012396543
.017794522
.024909497
.019198633
.009945415
.028431662
.017681673
.021772837
.010778934
.011895389
.020012793
.022799738
.020290177
.009740608
.009848198
.016322163
.006584756
.023366626
.010578717
.014113860
.014696897
.015146002
.013416618
.024036936
.019581134
.015314822
.013452831
.018489633
.011312764
.018585063
.035601685
.018946813
.008703725
.021499874
.013323720
.017443100
.013555940
.011457470
.012372854
.020396919
.006616142
.025715457
.006089815
.022285618
.003683911
.010441258
.020579332
.029414922
.014775099
.024469405
.035672466
.017181630
.012620150
.019695292
.013597442
.020413275
.016367243
.038629574
.020264442
.022962492
.020512407
.018535656
.011794798
.013903654
.022746961
.026029736
.015856750
.014788935
.020703915
.024414216
.011393989
.007313303
.026782113
.010207156
.006668799
.005670710
.007444098
.012117116
.004833692
.007707412
.008865138
.015589649
.012157717
.013984294
.017475626
.005833623
.018795744
.007912596
.021283090
.016173852
.020220160
.013645914
.010933921
.023467333
.021195698
.010249616
.015205499
.012060344
.008182055
.020940594
.008956575
.015811955
.012717566
.022333336
.014876525
.019292413
.011717136
.004661914
.014544432
.010512098
.019507698
.018430720
.013035801
.010242681
.016498616
.021904759
.023773953
.023519116
.012818699
.006911019
.007199225
.014502169
.013183537
.019695885
.017422943
.028457874
.023387705
.022124271
.032206363
.019465361
.025352416
.029583859
.013972065
.011868365
.010781233
.015953268
.014484125
.023922867
.039983096
.028298934
.015287194
.019678227
.020474705
.022714135
.013776232
.014649562
.034983619
.027437465
.034159597
.023120380
.011667747
.018753667
.013508421
.022254227
.010824440
.032925480
.035943946
.016564627
.009865121
.023970999
.017759449
.011837734
.027809056
.017453632
.019124193
.014643971
.016495797
.017407017
.023223713
.030564334
.017543509
.028256708
.013988330
.017572887
.005527668
.005852159
.004585108
.003666533
.005219739
.009792589
.007498792
.012673736
.008001588
.008363276
.012065312
.012888444
.007307577
.012948819
.009094397
.012925178
.017173184
.017927140
.012945168
.010994189
.016009562
.016254934
.018042190
.026073900
.019025965
.017779252
.010602002
.022575964
.009684543
.020040312
.014669852
.015609712
.025634089
.024723073
.005996156
.018536406
.011488208
.017773402
.009048790
.021693861
.031091649
.013577463
.016520883
.022191892
.015150587
.018830847
.018554966
.014948092
.016335458
.017652445
.022804706
.019590312
.027143075
.011580843
.019339429
.020565454
.003912248
.017046051
.016745220
.012859241
.016880901
.018181956
.016231861
.029581747
.024732841
.018990744
.017306905
.012875837
.024342282
.016177672
.012844288
.019446315
.015241649
.010187521
.015051576
.044247858
.013763967
.022288644
.027004616
.017452725
.016661692
.007740351
.021525458
.018047159
.019709301
.018607333
.025890953
.008191128
.015479119
.014893008
.033822211
.021305454
.012220880
.019301829
.015985547
.017869642
.021123331
.027502638
.016564938
.011846230
.004948240
.002615882
.006571974
.004762990
.003750256
.003607066
.007972343
.013915202
.006740976
.011493009
.007057034
.007738516
.011914395
.010985902
.016914765
.009610540
.017658313
.017569496
.012526682
.016868327
.009302819
.020887202
.016219694
.022524106
.014075594
.014422467
.018614479
.015435521
.022018180
.008465422
.014812111
.016476583
.017585552
.017758276
.010413803
.019208106
.013670574
.014270967
.020944188
.021504279
.013644660
.021842977
.015291465
.014982322
.020808889
.019450486
.017521646
.009102457
.012051908
.011005451
.023582978
.016231302
.013730107
.012277324
.016158385
.017189287
.019699566
.015493252
.014070727
.018872413
.017615312
.014134604
.020015348
.012009110
.018517432
.023301623
.011661739
.013791245
.019550094
.019674571
.029569250
.024151090
.010293930
.019597821
.033130287
.012082467
.020022329
.022588022
.019613261
.023084162
.020859517
.033504062
.009631628
.010910509
.017594889
.013894017
.015372093
.013298402
.018936681
.016954917
.017579075
.019140730
.011142191
.018900915
.018352296
.034051596
.005598571
.012607304
.018083682
.014709966
.005087684
.006788855
.005597268
.003605125
.011060217
.007287991
.008774643
.005798012
.008514415
.011534561
.009708987
.008385989
.013512546
.004672027
.019363069
.022343910
.018884886
.017950855
.002608294
.015589039
.014919321
.017197087
.014131695
.014580409
.015004095
.020806195
.013417351
.010208015
.017218172
.016608064
.012598388
.011250545
.025913472
.014356258
.024275869
.009371527
.016968108
.017397945
.019459637
.025837233
.013226610
.019550997
.013484315
.018433493
.018323541
.012912938
.012615619
.023974959
.016800472
.012259998
.018642987
.018775048
.011462219
.017470244
.025859242
.023542253
.013316769
.014413391
.018996581
.017246966
.015846018
.019858934
.013992097
.022278313
.016443114
.025248080
.018656215
.015475526
.022160564
.015210879
.018875825
.018017522
.021472923
.015460391
.012110787
.016357303
.014790606
.019656040
.025402363
.014768186
.009481230
.016555851
.017648786
.026873445
.016763832
.026710951
.023187737
.014613614
.015271966
.010378548
.018856188
.012059914
.031666197
.015256414
.010432483
.023841850
.014516058
.016976559
.028099830
.004525134
.003950504
.004238203
.008286589
.008348963
.015370148
.002482521
.010983990
.009985354
.006587798
.008723783
.015187273
.006106359
.009660239
.005743173
.016986197
.002462372
.013755923
.003307047
.018783933
.007745125
.024676347
.006215675
.003931216
.008684334
.006873700
.007961248
.003887805
.024906763
.010000000
.014153250
.008649347
.016033792
.017276610
.009960537
.032112618
.010227851
.017312157
.014870549
.014972009
.038494633
.022610092
.005848878
.022264151
.010841703
.012423562
.009909739
.015654478
.015396050
.029817641
.012794758
.014405464
.016740076
.009584465
.016197739
.029478304
.008646655
.043338354
.016791785
.010117683
.013700627
.010300612
.017451618
.009563965
.014217015
.011340917
.013668105
.021183879
.008695641
.009323636
.028408752
.013320255
.021716804
.012943967
.012681227
.012162673
.012250525
.020239271
.004617493
.004297068
.018857652
.013392610
.029600436
.009192809
.026064245
.018325246
.007568770
.008044754
.031338352
.021228990
.041438363
.007673743
.013751686
.018737575
.034046006
.015899624
.019073533
.012426346
.010746500
.025057255
.022719270
.005144852
.005515046
.004763589
.006666024
.012517988
.004774656
.011122249
.008794429
.010006915
.012314531
.004361052
.010086254
.011109399
.012447817
.005430059
.014738239
.007622791
.013285404
.010646110
.010376516
.014811557
.021357255
.013995007
.009506190
.013803893
.017053024
.012515670
.018092266
.004938553
.014327971
.012513089
.010154745
.011577048
.015624138
.013761749
.026261354
.009450816
.015906781
.014593044
.022691690
.027421844
.020998218
.006081569
.013746534
.007065747
.014960363
.020377227
.017858802
.009279519
.014501398
.024218771
.009936813
.024335234
.022221189
.017404766
.023405263
.018536279
.013387643
.018002286
.015200979
.017693918
.009460992
.014594980
.009247096
.017400914
.025925793
.021627848
.017626819
.014349826
.016603999
.006140668
.004844746
.015991034
.029499298
.023057791
.007916473
.009530522
.015616975
.018471342
.011005963
.019452520
.008500084
.019468014
.017208976
.010196701
.013528790
.016787005
.013974411
.021949653
.013552496
.010052579
.015791801
.013897213
.013932003
.011274886
.008643871
.015085073
.013983786
.016462466
.007260120
.004046748
.006000101
.007959695
.003383903
.009866507
.007523331
.008220366
.009321242
.009596963
.013399934
.014117570
.015659753
.015736869
.013575942
.008312652
.019183884
.012251396
.013759373
.015355015
.016540406
.016415566
.018549652
.016054415
.016864089
.020988182
.014981235
.009171684
.012557036
.018848355
.027226576
.018434112
.014769117
.013698456
.015315017
.017160393
.017094459
.010498234
.021160547
.016917087
.014634464
.029814780
.020019777
.020318651
.020389703
.015278178
.020973453
.016115889
.020320710
.016337434
.015824722
.015172707
.015440968
.020512072
.020884341
.025763553
.016632382
.023193876
.019082561
.019819115
.015941728
.031886922
.011142932
.023897594
.019672220
.018959462
.017771155
.021980389
.019845607
.019183068
.021100120
.016022606
.015592255
.013479744
.016450828
.012098850
.018421257
.007007031
.022697156
.012021329
.012337300
.019828908
.018649068
.020107907
.014905818
.013998584
.012187437
.020021427
.010821210
.023475913
.017474551
.020968332
.019485218
.011999762
.016937198
.017403799
.020265259
.014316921
.008767602
.014711498
.013851521
.004033596
.006114483
.006908481
.006459542
.006235463
.012464448
.003819096
.006251451
.011594895
.011472377
.014412003
.011650964
.012811277
.007681229
.014882066
.013567527
.013528585
.010786382
.016440052
.016509913
.017841961
.021697145
.017036643
.017904329
.012590596
.018257820
.022788052
.014434865
.028144043
.016067509
.018840152
.018889244
.012893220
.018583435
.013091614
.015592628
.011672750
.015475652
.022658786
.016600479
.021826056
.016676132
.014677723
.011719689
.018072238
.016031431
.017438952
.013461285
.017882843
.019784858
.021297995
.012056896
.020734699
.014766717
.010647414
.014196046
.024089596
.010634894
.024542313
.024677119
.024537749
.009213496
.010572342
.010956217
.012540860
.019299613
.013228503
.020232361
.018177757
.043423202
.015421547
.016031368
.014170459
.016897550
.015297515
.014198280
.016916664
.017366272
.017750346
.029897318
.022942683
.011320312
.013537395
.016833186
.015112152
.013735516
.012948704
.014181965
.022915883
.018376182
.012979145
.031825001
.020067537
.022463419
.018679405
.016339733
.014677381
.022491636
.010357635
.013716779
