.003094181
.007406896
.002243120
.005590468
.008010859
.007343182
.009120749
.006151784
.004474441
.011908876
.006873112
.007673957
.014284893
.006110007
.010692382
.015073750
.015341359
.010419048
.024852044
.014891787
.015529974
.008422050
.024905486
.020248366
.012257977
.014397657
.012453667
.009649500
.011242874
.024928526
.021514182
.005081295
.016022125
.031659218
.018440208
.020378128
.019836789
.011126852
.016336554
.008941537
.019849745
.020766841
.019761749
.021895612
.026892986
.008834388
.032355488
.010267026
.027103743
.022346057
.023684742
.019535805
.021580283
.016916718
.011686202
.020066253
.029150242
.030883078
.020416310
.016678697
.025642157
.007135859
.017578387
.029953788
.029083067
.016192167
.009744302
.014273983
.013664692
.038421286
.025648496
.041043132
.041747335
.031767279
.027184954
.019975999
.014303697
.018923173
.027494500
.029777479
.019396067
.041245705
.023914849
.023355270
.036057774
.023137437
.007865895
.020614330
.025550119
.018226008
.024312877
.029824373
.029616318
.050555688
.023309025
.026832723
.020421258
.046739210
.041722486
.015321120
.024005369
.019020802
.017798763
.025554423
.023529430
.031387821
.033183546
.009867797
.029690834
.024057473
.019958009
.027848364
.023598176
.016627356
.018995599
.031671762
.021666263
.010735849
.034644994
.021462591
.039415974
.007695223
.023540363
.033222450
.022769566
.013355526
.020708835
.020613523
.023674115
.020047875
.031341135
.017935302
.031387341
.024462803
.032794843
.020373643
.031386801
.020701829
.027665132
.029859703
.037125456
.031264150
.024792898
.028958752
.037319099
.040589248
.027669382
.022086402
.031415646
.018913065
.031846211
.033883485
.025781966
.053683971
.028669202
.031777013
.029343551
.065712480
.018600423
.032408296
.031894958
.029138478
.024359096
.031703145
.017943925
.028616044
.022268964
.025875955
.037842976
.022519569
.033682823
.023709407
.016969030
.057763394
.028818209
.023983861
.028095292
.043155614
.034869526
.028467655
.039481761
.028801833
.044627085
.026533844
.027617016
.034980151
.023712021
.030254021
.030240725
.016362370
.040378096
.021880429
.020355033
.032560968
.022826909
.042023363
.019390559
.021310130
.036935720
.036019125
.034337722
.021331756
.029027690
.022569486
.035651876
.021489129
.033651198
.024129068
.025039754
.025209986
.034852979
.024240805
.023619150
.030213982
.033311304
.033328139
.039439975
.016426769
.037764914
.021225322
.034410670
.018048485
.033266911
.025057137
.014476007
.021753832
.025713419
.035575956
.026025548
.035053161
.036260631
.088238902
.025072837
.042073320
.030724832
.028888024
.023502353
.021471850
.025003097
.032395218
.028159084
.020628087
.031982173
.047693327
.032253664
.032861804
.028737886
.026100705
.024734093
.054238018
.027805642
.035096772
.037192632
.051868400
.034111131
.047055670
.040753645
.031715335
.024209842
.025549563
.020485331
.024272974
.059313147
.120263675
.032906066
.026748924
.028263986
.035151723
.041618258
.058549556
.021029883
.020858082
.015487654
.022065700
.082185213
.023770072
.023022564
.059183738
.027947178
.051679327
.024584183
.018369567
.035494251
.024561961
.068235292
.041663475
.046352764
.033825843
.024807997
.022497284
.006744611
.064251689
.020431818
.017131108
.021954799
.057742273
.023015969
.025812717
.062681858
.027065506
.002263026
.002354650
.004824280
.003104477
.006350768
.005344763
.011156536
.007765831
.012498143
.002206611
.007600456
.011236581
.010763958
.012203716
.011793657
.014198977
.019004213
.018545100
.018440410
.016183240
.008986659
.007673231
.022805489
.021398479
.008420203
.020141592
.015895123
.024040210
.011871438
.016350952
.018008688
.005111735
.011446404
.019696571
.008945033
.015371773
.011500591
.025735388
.014963620
.015132440
.019588156
.020243805
.006562631
.020464325
.031768958
.029857385
.019379407
.040331934
.021444495
.025910221
.014182248
.011163495
.020188818
.013924704
.023129758
.030292649
.034873107
.027418401
.016474125
.015753976
.021291674
.019396884
.034070397
.014751789
.025349602
.020892377
.025196313
.008522914
.007675476
.022733131
.051248688
.024590030
.025465795
.016740701
.025800026
.021789322
.019749536
.038454801
.027514629
.015039976
.021552122
.040231594
.018793929
.021275230
.013355314
.022247789
.018914431
.016735552
.061322077
.013121434
.024553658
.025282400
.045973138
.015625722
.026009236
.024045962
.045716997
.025776645
.027197375
.021680915
.025240778
.012886622
.054307200
.016874943
.026308994
.022521641
.033107419
.026887463
.013543031
.055140387
.024463932
.026222578
.038749361
.030356501
.020158622
.019941160
.018329422
.022209243
.015733710
.018462697
.022939321
.022824017
.070718296
.031434969
.025363571
.029243906
.066421412
.051368322
.026040056
.029149633
.015680247
.019264113
.029263654
.060064853
.029577291
.074422092
.025067262
.023357805
.033138545
.029698335
.063434790
.033860632
.015853769
.057452257
.018928273
.019999773
.018499335
.035752765
.018409306
.033575219
.054048682
.029028184
.021995841
.020304608
.023267814
.017713887
.025362099
.026908490
.041361651
.016866475
.078244034
.076143450
.021500173
.028467946
.014651789
.022445431
.034041935
.015471413
.017274654
.066047728
.019942425
.027499224
.027644271
.042593577
.027014796
.061761754
.010102656
.043968312
.022021505
.030662484
.030193453
.050015629
.016814205
.023726032
.036774154
.060270274
.032282464
.033008086
.016467010
.017126439
.017550828
.009269114
.030773472
.054935611
.023097022
.018259373
.046046847
.036229284
.030068436
.043793293
.013233748
.017068835
.027724902
.025937642
.025470042
.028972058
.034303319
.024853211
.054974268
.024825837
.026003375
.024028168
.030507269
.045715407
.031901749
.028691586
.016807975
.029387051
.019029698
.015442435
.010167398
.028952842
.010640220
.034965795
.026281537
.023080958
.022925315
.029851971
.020553477
.031357003
.022845027
.028418004
.031883568
.022803533
.027392877
.023411564
.025236740
.026626831
.034492618
.021411769
.031590875
.027028400
.022178515
.012561611
.020626621
.003024784
.027215102
.019677209
.016487492
.015519097
.025239852
.025736011
.022105945
.017667239
.012834487
.021784410
.022980892
.028989631
.026740775
.018412556
.021432787
.029447600
.018615197
.020827350
.016988028
.063467722
.068707238
.012493244
.024699783
.026844474
.022822200
.025324203
.043966250
.040765603
.062865441
.023176205
.056538609
.017122732
.015481830
.035186168
.067265221
.018188339
.019513793
.019321641
.020283099
.040693457
.036131730
.018864750
.013619620
.024170550
.015004705
.040120602
.021826296
.021773548
.015954742
.051840066
.053433396
.027391487
.021684815
.033883634
.003657171
.003273133
.006619334
.008929786
.008611178
.004612919
.012231467
.013806019
.017183091
.018811250
.021086385
.013637765
.015798778
.016235775
.011956473
.007274639
.021209504
.014729045
.004092247
.017632446
.005375210
.020615702
.015891866
.017555784
.019972594
.014468177
.017411394
.014587040
.017164233
.022527571
.023345189
.025824726
.012157301
.021192606
.013036622
.017937348
.018979507
.019928686
.030166522
.026490743
.022727372
.026926584
.018595386
.022092594
.023429025
.026806228
.029127393
.029183716
.029940729
.023445829
.032389748
.021095523
.018107589
.023320996
.026111329
.022150511
.033463702
.027711338
.023486851
.030958263
.027441543
.050493789
.027076061
.028542002
.027592999
.019110349
.030543869
.028506564
.031265185
.039521494
.033015403
.025398978
.026280692
.025948879
.035723217
.028613166
.019765222
.024454537
.022879985
.013391106
.022782206
.025654434
.029827453
.021255912
.026282614
.040388373
.029530971
.032700906
.016546498
.031961462
.035848244
.019950569
.024228092
.029850572
.026883273
.031139420
.024788249
.018396737
.030615700
.028458977
.020908543
.032639248
.023064855
.026772033
.034337607
.031322039
.032051822
.029405594
.021206015
.030870748
.018186833
.038682518
.028155808
.015238186
.029106268
.029058899
.028872686
.026843097
.026237065
.032145644
.035269768
.032190812
.024799893
.037137288
.030584786
.029086748
.031079194
.023173510
.029572907
.023630465
.023957341
.030203221
.026706036
.031333768
.031228552
.025898857
.033357101
.022615029
.045587832
.027828945
.034391473
.024567362
.026851894
.035169230
.022112817
.028458096
.027129512
.028937025
.037971350
.040519737
.015444108
.039369278
.030175282
.014246561
.023240081
.026727945
.032645459
.018654871
.020996747
.018439973
.019201667
.029439609
.017956424
.025385785
.024428316
.029224912
.017059860
.022859852
.029327553
.021452705
.027625462
.015865812
.022305505
.017536144
.024481178
.025710179
.024285831
.018862883
.023791952
.023653951
.018327927
.016236412
.029270934
.029384492
.018256161
.006286175
.022186313
.027909168
.021160863
.035370447
.017503874
.017460465
.019706410
.016428835
.018763382
.031752636
.021964905
.029679410
.014746403
.014798451
.014220649
.018364467
.015591058
.018954107
.022124557
.019252286
.017499504
.013487745
.019209108
.021592585
.015586075
.022715165
.016726176
.020649592
.017833204
.020107031
.016845035
.011337316
.020918148
.015557469
.017235803
.018332181
.018465169
.016646985
.014534182
.013852990
.029148385
.023156615
.018211889
.029596179
.019972886
.023410455
.014696143
.023513328
.013706474
.021688162
.015433476
.023352215
.015207832
.016144748
.019749574
.015635462
.025938737
.023793995
.015387484
.026681461
.017822647
.026842484
.019143611
.018854157
.021629179
.020495704
.022926982
.019254107
.020701058
.017558016
.019389015
.020253070
.017557634
.015838041
.025098118
.018671736
.011770283
.013869757
.019883382
.008480024
.017851717
.017606862
.014582258
.013640752
.018443671
.012984529
.021413993
.020386341
.021800199
.013456199
.016684339
.020683119
.023206920
.013782171
.006684941
.010999623
.016187637
.012173983
.011121999
.010431414
.012173945
.009898227
.020962078
.013027097
.010595412
.012337239
.015257879
.015251301
.010463279
.013166081
.014956290
.009753318
.003587807
.012301696
.004472048
.004261295
.004730692
.006843781
.003300015
.006257382
.010254580
.003200982
.005883990
.013796109
.014536917
.008611153
.017421059
.006592044
.015627234
.017271979
.016724823
.018733856
.013603122
.006432137
.009409218
.006427765
.012397315
.011376010
.016162126
.017341967
.017069680
.015823950
.015634036
.010697052
.010826298
.022292303
.026037481
.017007456
.017889961
.007379328
.009351678
.015092243
.019714582
.026304762
.017652035
.014686763
.017848783
.016710964
.013842256
.017795402
.022676300
.021083526
.015857455
.024571313
.015502124
.019626028
.016767289
.019162239
.018052831
.015194900
.022961322
.021489422
.015449821
.017045686
.023823571
.027088059
.032356170
.016844958
.019574557
.008722661
.029558918
.031751713
.010465696
.022974266
.023231189
.037916626
.029943678
.033178284
.021322342
.024513651
.032280000
.021117922
.035762990
.021613006
.031305676
.026891668
.007826252
.022152560
.023295576
.008626853
.021856314
.029325429
.019409192
.027643953
.030459245
.012734476
.020896890
.028799394
.023858714
.025706279
.026215628
.021603055
.020563888
.024515155
.015515325
.038882217
.026326330
.013239549
.022124390
.014573030
.018293610
.017434038
.024416855
.024497862
.048596157
.015894996
.025240574
.022412594
.036085383
.028743201
.024170761
.028239730
.026560053
.034482374
.022729621
.022472553
.017673377
.028232335
.032349339
.033276408
.027149152
.019199621
.016329192
.025964004
.026807144
.016882398
.030727856
.022602109
.031966022
.025586835
.019317549
.015244896
.030331151
.025650205
.029345737
.029917752
.036180914
.026862389
.021433263
.022399824
.018989443
.027510934
.027628852
.026260693
.010450619
.023463907
.022022589
.012663331
.016993382
.021622970
.017272810
.023022103
.007707629
.005120563
.020932408
.025337497
.028193926
.020631485
.028001812
.021153144
.019006333
.019461097
.026027716
.018634519
.023791134
.029474798
.012653401
.020576016
.022984767
.019049039
.019507961
.005166416
.008633495
.021374006
.012603436
.018367610
.013564634
.011517650
.016992484
.015659700
.009511309
.023850224
.017243533
.007272269
.017228427
.015966105
.019762364
.020750654
.015519237
.021390416
.028662373
.016452794
.018055812
.015735275
.012793170
.021194450
.024269778
.014058947
.013554211
.014298626
.013497059
.019122946
.013284624
.023921527
.013824704
.019665155
.021896593
.014421788
.038188988
.021239997
.013732138
.021669786
.011150775
.018404253
.017964257
.014812697
.016801843
.018588107
.023873162
.015938694
.015072310
.026423228
.019601480
.021194025
.019092401
.006265735
.018197029
.016694610
.024645245
.016276126
.015171493
.016381803
.019001523
.018609054
.021579506
.015957731
.015701245
.024499099
.044202562
.018572852
.013307762
.025180116
.018204144
.014711246
.023753880
.027451674
.017379880
.011881296
.015748585
.008331806
.006836701
.006193026
.022631354
.013715546
.009525082
.024151462
.008212819
.020899018
.008478438
.015703248
.017806954
.040811618
.023611729
.022324937
.009786675
.015404746
.018085780
.015654600
.012377998
.008750320
.008585460
.006564155
.018582350
.019364907
.013589579
.011642735
.005393716
.008690019
.011197044
.015402884
.006828354
.012715029
.023529783
.018494720
.011002369
.016648115
.017167015
.013312084
.022160840
.016736238
.012800091
.014532378
.038654593
.011454210
.002136189
.004902711
.003998083
.007807241
.009886833
.008205402
.008114765
.013413894
.010203851
.011467825
.010378687
.011381561
.016127408
.004936447
.008325544
.017792989
.009424272
.015636473
.021408026
.018403476
.014344700
.021390234
.017691290
.014842323
.021493351
.021126018
.014203649
.018658778
.016471656
.012146948
.008650482
.026112268
.021439427
.011961206
.022471182
.022593441
.017541468
.022776729
.018127914
.010081623
.022148601
.016117621
.018239833
.016319173
.024007353
.025368947
.025501633
.022457976
.022654392
.019469011
.022585816
.014618994
.015085611
.018023179
.020522665
.022670586
.017613614
.018846261
.019817477
.022169993
.023846991
.019879984
.021474879
.027469413
.018355525
.020180297
.022551671
.021626351
.022846848
.023189972
.021293560
.026050185
.018244362
.021436902
.017239383
.024501090
.013365306
.012000948
.011517309
.031998234
.023978303
.019983756
.015981166
.021059846
.014824204
.017372626
.038611609
.018113787
.012841170
.021288396
.029302632
.022765192
.026915734
.019789218
.024586017
.014586842
.021852485
.022990643
.023030119
.039885047
.025210463
.024860823
.026345925
.017633836
.020559626
.018178557
.021993561
.024939006
.025753569
.028870795
.018195654
.021188592
.031463116
.033834861
.012339314
.019867776
.033507792
.018812217
.039335603
.025526689
.031300445
.032978938
.019338316
.030273311
.016436850
.015903199
.017186186
.008450611
.021001072
.022048938
.018931395
.026172470
.024389552
.024029009
.011026744
.010670065
.020696100
.020639086
.019172713
.019323631
.018913805
.023993203
.016726496
.019558267
.021799945
.015163171
.014110897
.013538131
.021356483
.012816634
.023872696
.015881824
.014327487
.017251495
.014265200
.019729887
.018394416
.017355531
.020679992
.014007208
.018867013
.021873322
.018959679
.023366386
.028995782
.025123402
.018811456
.017646970
.026548311
.019408745
.011065138
.018083273
.014823502
.014986349
.016780602
.006947125
.018387026
.019563474
.012963011
.018528651
.025993940
.025878382
.020619990
.014978271
.021236814
.019709594
.015088525
.018905334
.021352790
.012077507
.022939552
.009649540
.012728222
.016177085
.029730409
.021582680
.016452521
.013120681
.014711441
.022753671
.012809442
.018616670
.020750320
.019484783
.015064664
.021335234
.013513405
.011490406
.017561282
.022290900
.020124834
.019686825
.027065737
.013986806
.016540257
.023321917
.009196563
.028059122
.021944757
.010187493
.026859067
.016557727
.012290567
.025992818
.014960564
.015810804
.009847122
.015338039
.018244974
.013696737
.032429462
.021358592
.016314636
.017515679
.025962472
.018947366
.019643881
.009228474
.013955717
.011876307
.015924918
.030508762
.016753524
.017280506
.028267864
.011979630
.018238242
.010951799
.015957300
.028942279
.013447023
.004933874
.019747297
.015664847
.020849122
.011303037
.017400070
.010004038
.011219055
.027944269
.017991770
.032261361
.013829233
.015093619
.011680380
.010439953
.010335458
.013342592
.018049244
.018930828
.009496796
.016023681
.013192063
.019989783
.018182326
.012807864
.020711824
.009135104
.013143162
.007186738
.008629314
.012086761
.020566816
.007846568
.034565278
.014981891
.013857878
.012635926
.015037437
.010633367
.018801087
.017072602
.019127324
.013082953
.017316395
.011646727
.015684488
.018312612
.005966334
.005635861
.003805074
.002879500
.004175097
.002357452
.006342441
.007466384
.005128100
.004609768
.014246809
.002700285
.013403100
.014433120
.008614109
.013602425
.023998274
.011886465
.011619200
.018020814
.009236086
.022375250
.020506167
.015605722
.014373936
.016596902
.016962245
.017491205
.017402545
.022615447
.017166991
.020781466
.013725696
.022592299
.015881216
.013977039
.010589194
.023102642
.020844139
.015997881
.014773282
.031403093
.026303098
.013392057
.020859952
.026035527
.018468338
.026694944
.014989832
.024721499
.019290206
.030120811
.023459731
.018723807
.016758019
.018773118
.015148897
.012709671
.022870489
.017676187
.020571453
.020149250
.016680148
.022863685
.021023772
.023909954
.020883953
.019833536
.013272430
.021696711
.022188414
.028086201
.027589653
.020037769
.023265286
.022110087
.018411684
.027079018
.018706201
.037195776
.046133188
.018832116
.020582375
.026833627
.022033206
.019855592
.018231857
.022345860
.030271210
.019144152
.023695369
.017973781
.016689524
.021899835
.024030200
.032637402
.024379511
.017972112
.016659517
.024551419
.029191552
.024157447
.017912974
.016890000
.026053179
.026009326
.026839947
.025058148
.020915256
.021444807
.023049933
.032167165
.017665042
.028567333
.018667053
.024967855
.023156989
.029428123
.019887939
.024830860
.022592930
.025752059
.020441226
.030616216
.020734021
.018652334
.033526691
.022387221
.019584207
.021717073
.015955979
.022203923
.023181014
.019189551
.019478912
.008937242
.011864141
.021808728
.015642170
.019294763
.016376638
.017570102
.019861240
.015720076
.014190642
.013363561
.021239228
.015957443
.018154333
.010401337
.026708497
.025529744
.013134388
.014505101
.012968146
.012473677
.013167848
.017450632
.017458804
.022566043
.019343450
.028908624
.014138972
.021083802
.013861499
.023524673
.016310545
.006549285
.015262645
.021579180
.012528646
.023156809
.018138850
.011692174
.031034870
.014354068
.023725731
.019728386
.015247570
.020790986
.021624554
.013777435
.014479956
.023500103
.014947607
.016365309
.008858537
.011662039
.015097331
.027204577
.017384025
.019726846
.016871057
.026682630
.013617610
.022601404
.011205651
.020670077
.019594984
.016567461
.012643535
.018600629
.016186918
.018265707
.013340209
.023901057
.016562342
.017887367
.018693974
.017709452
.020423381
.023952432
.019076482
.025603615
.018287241
.019598621
.023197361
.020207046
.015422736
.017291662
.017908524
.015547222
.012060510
.011742929
.027180456
.015233014
.006694398
.012356409
.021530219
.022413456
.017823674
.015251510
.014334768
.013319764
.008666064
.013881577
.017482657
.011751172
.015727628
.021644711
.028077884
.011904005
.026795611
.015174925
.010250053
.020504658
.006405972
.022319672
.024282420
.018624437
.014679970
.021440891
.019471615
.029375606
.028565130
.017486030
.020359908
.010519786
.018166490
.012215088
.019179061
.026072168
.014414568
.015332164
.017119963
.016510580
.016086122
.016099428
.019729376
.020554870
.007815368
.015974572
.009985945
.009024716
.017497926
.015943683
.019297734
.021231267
.009343186
.012159183
.008564999
.011365104
.009238841
.007608756
.010713411
.011163028
.005899315
.008934036
.012377400
.012039809
.007573275
.010082248
.009217721
.008465328
.007013091
.013111607
.012322188
.011690474
.012356233
.019437849
.013837489
.014240479
.004798094
.002224030
.002681319
.003506428
.009583152
.006107723
.008526161
.003610772
.013570968
.009138941
.008544810
.007032900
.015977542
.006251725
.009440908
.019608255
.013941182
.017899432
.021837170
.013881442
.018098024
.015027896
.016213322
.017985903
.013119201
.016071807
.012391738
.012899844
.013689021
.022801643
.015316190
.012126936
.015323822
.016148786
.013421139
.016171073
.009882794
.011707493
.013497058
.024362683
.028054994
.024374674
.012782319
.018959255
.022651897
.016831753
.034114695
.020397526
.023534184
.021408490
.020054490
.013565966
.019083560
.024982604
.024642339
.020367468
.025622958
.020299206
.021588556
.015911876
.021391885
.029115353
.018703093
.024058470
.020613180
.021699056
.019808598
.015995262
.029893488
.022931402
.023843127
.020044315
.026659613
.029082114
.020667129
.032866504
.030573334
.022182142
.023764530
.021449418
.031894591
.015864438
.017941861
.020588827
.025834472
.025124343
.050571023
.023175631
.017606070
.019219353
.023221490
.028474327
.024901385
.022403818
.026972343
.015798334
.031995946
.029934824
.027143591
.025273858
.020436402
.032831761
.025721583
.030835923
.025772252
.033895416
.032630697
.022725954
.019329633
.021121540
.026364071
.025238764
.023543379
.030451966
.020231587
.023649812
.026570330
.024973197
.027465231
.023626895
.021178782
.021226944
.023835364
.022474824
.021300955
.033679421
.022434076
.024107132
.017492193
.023882419
.021445528
.024224875
.029844145
.018420014
.021137357
.023449260
.029549978
.021599340
.020749355
.028176470
.043808902
.024947360
.025886433
.024266874
.028561263
.032834969
.016750605
.021905229
.017680758
.024209026
.021804378
.023192848
.026431800
.020344509
.006774144
.014829277
.027157055
.016027281
.021432062
.020079544
.013845373
.022230877
.014173023
.024058490
.022633477
.016141948
.015609287
.022006408
.017768662
.025117410
.013738620
.018918848
.017314632
.015631841
.017319411
.024243229
.015228529
.014110962
.017971299
.020693250
.020114214
.018103665
.018152775
.008693582
.029563960
.015769680
.018667767
.030229987
.012268001
.010107730
.014059549
.011670424
.027879334
.009709425
.017895216
.007896043
.014965619
.013493744
.013052124
.014588330
.013237720
.009469495
.008668527
.011754063
.009021922
.011578507
.017382533
.018444609
.026915829
.021166331
.026033035
.025265539
.018348362
.020717868
.018572163
.019605117
.008054389
.018905553
.014915188
.010408468
.013174995
.004286504
.011135233
.016790257
.021112418
.014564168
.008617902
.012713211
.014499320
.016305632
.012180210
.055298473
.034658538
.013491329
.017419597
.016517695
.012074263
.013273282
.013082331
.013512085
.010652033
.016188305
.021952082
.015225864
.009026377
.012844820
.013811311
.015652630
.020110518
.009268814
.008571009
.015015627
.011798090
.006853072
.018085341
.014539025
.016858494
.019681813
.021304254
.022848535
.018099848
.015379096
.012975340
.013807934
.015798584
.028177060
.009312349
.008748141
.010336014
.009335415
.015560267
.014054190
.016784835
.016355698
.011060493
.016755108
.007972021
.015703469
.011184045
.013736705
.013761796
.012854484
.010169194
.009793398
.016697198
.009432874
.018058379
.007592397
.011269586
.008581576
.005729856
.015734048
.013046763
.009805928
.012956329
.010548886
.017948791
.014231772
.014929372
.017066811
.002708189
.005483547
.009520768
.004941666
.014785339
.012944600
.005930251
.010025008
.010007346
.005334544
.006726798
.007795410
.007608233
.012463047
.006751532
.010310984
.007150835
.009606121
.009068107
.013723946
.013584975
.012408811
.012311063
.013584177
.015010766
.014047700
.015376167
.018198676
.018430857
.015524812
.016203753
.016575884
.021251836
.014671433
.013703646
.019140898
.018597354
.023972748
.024820394
.022422479
.015140662
.023041004
.019255349
.018603662
.024847393
.016721644
.019351341
.022572855
.022425361
.022378475
.020926022
.014609766
.020314563
.019834129
.017754449
.018317545
.022517173
.024356244
.025484174
.029991520
.018590305
.021230826
.030163415
.022620860
.026717260
.021793966
.020667015
.028815064
.019930987
.020832457
.022589831
.019789773
.019364415
.027888676
.021922294
.024666721
.020268360
.024682713
.017223402
.033149121
.026477168
.022957345
.028013123
.026920901
.022850313
.020430056
.028758878
.022794356
.019209680
.024044434
.023071599
.025316872
.021643014
.033309164
.019506046
.030230122
.024300567
.022746401
.020276082
.024366021
.029411837
.020219827
.017273811
.020151585
.021226196
.032026812
.019875186
.020331383
.033095162
.035343798
.031161718
.025054894
.022526147
.020214201
.023268909
.035617435
.019832276
.027050295
.023662534
.023346001
.022702599
.028303976
.024753465
.019518161
.022876854
.028142272
.033210171
.028049637
.025161938
.029112988
.020965887
.019885447
.017300269
.023255344
.024626308
.021549662
.027462532
.026880204
.021346324
.020136989
.027327915
.016051952
.024993703
.026683297
.028701059
.026879056
.026279227
.027012342
.018571148
.026065167
.021422046
.019633949
.019192225
.021654855
.024831736
.014392696
.013043678
.019584586
.022392795
.017418145
.020563669
.018922181
.017653698
.023804962
.022633784
.018503811
.019734525
.019381207
.025711144
.017062729
.022086800
.018672523
.026965796
.020830028
.018146005
.016271161
.013222303
.028613082
.016413750
.014756127
.018096990
.014336676
.017598397
.020638086
.010182512
.028527627
.016101329
.015000974
.015759391
.019987703
.019966894
.015146491
.025692821
.023036378
.022573530
.024585090
.009819801
.014290796
.019283603
.004304634
.017900288
.026924533
.026449784
.024575758
.013004664
.025143534
.021606332
.019751166
.018925538
.018617308
.006090862
.016820351
.021382410
.042035235
.022606565
.006901280
.021755138
.019633875
.013416174
.019748591
.018165937
.018545608
.022276073
.004030499
.027977052
.016603872
.030130101
.023097514
.031757532
.014264996
.018565710
.021075995
.022881851
.016339331
.018189841
.019977484
.020229911
.007398536
.020843060
.014907592
.022527893
.026557632
.027020582
.019234751
.012083998
.018907308
.017614730
.013867575
.009794338
.016407878
.012365640
.006672551
.025911774
.012968206
.010822536
.017036780
.008888484
.011809825
.012556660
.021262633
.020279043
.025792143
.015116330
.021704871
.009700140
.026204318
.013832990
.020194377
.036488191
.008618023
.011226194
.018972829
.006337514
.021975798
.033109480
.016292576
.035394408
.013317020
.037906672
.040475265
.032636928
.031559659
.021824518
.012202687
.015874945
.010350256
.011690647
.048204817
.019842733
.011916740
.017957085
.046325446
.013523016
.015673048
.025474653
.031189105
.023266293
.016583282
.046366207
.020878463
.002174991
.005106369
.002859825
.003902108
.006554879
.006665023
.004247545
.007181983
.007717612
.009098099
.007923477
.014512082
.004822061
.010550599
.016111274
.012148484
.010702803
.015968243
.008485271
.012628201
.014198963
.017014221
.006504808
.022685056
.017906888
.008393494
.013126019
.017136453
.012294053
.021387929
.010708926
.011899078
.024642522
.020849673
.020124307
.018956930
.016741566
.021066365
.022028134
.014106698
.015020877
.022497464
.010062032
.015912545
.015234727
.028543900
.022860211
.029329976
.017463312
.022846829
.021760378
.021797450
.028962108
.023039405
.014566396
.020962800
.020263337
.013089487
.013952823
.018124284
.021035344
.018653986
.034494682
.016407963
.018076680
.020866734
.016321483
.019744427
.021426004
.029317355
.024791784
.025544326
.024764967
.028399587
.019743653
.022231406
.024833200
.030738347
.027483876
.021314215
.015923849
.018409896
.027072349
.017014080
.026177052
.016036603
.018100784
.021856847
.020099683
.024843764
.024416552
.022250424
.019894735
.031070348
.019486289
.027557143
.019981161
.025674066
.021590408
.008532168
.023529500
.026288549
.021914721
.023360617
.018357537
.019155260
.019332046
.024140633
.024729987
.024903061
.016343044
.026271239
.018098992
.019646008
.022411901
.017396519
.024792666
.023910637
.021947959
.025949351
.033954413
.031673359
.025755351
.021656557
.022405719
.022992761
.022217735
.027737666
.021179426
.015341534
.024487106
.037179990
.009939731
.011679109
.018905162
.026786534
.014509959
.018993651
.017693101
.021423370
.027315078
.017770204
.019123378
.017049451
.016049399
.026192802
.019341106
.019530392
.017413123
.016985584
.028951398
.023706648
.026330925
.018647677
.022883319
.018412866
.026250956
.026554434
.020550037
.027346992
.014370778
.020612306
.030448363
.020996637
.016927890
.010513325
.027377332
.018856460
.018171010
.010607288
.012877639
.012232660
.030302324
.028754447
.015636055
.008678747
.020911076
.024235758
.019450980
.014642053
.017563609
.022396494
.019971761
.023080559
.019249618
.011199566
.026833606
.018796980
.022346538
.018580988
.019946632
.017975521
.008011958
.013927692
.017097239
.012279601
.022234888
.012262435
.018665429
.018110500
.022428303
.025355113
.021798099
.023320769
.021289994
.017249974
.038432482
.017434340
.032717839
.016189665
.015876316
.028192993
.008280518
.011874516
.014928478
.019629210
.021607033
.017430782
.027621715
.018936213
.004129843
.034031923
.018892225
.024694443
.024780493
.018568161
.021442325
.020656191
.016635179
.024484784
.024978725
.017977900
.035257310
.021331432
.018910430
.018962884
.018211714
.020682776
.016006170
.029510129
.012395463
.016801353
.019499468
.022406821
.023449454
.021872317
.006403959
.022487575
.027887410
.017830413
.021375091
.018156578
.017645682
.024128337
.018584024
.009884729
.024225485
.020131849
.015464107
.020860391
.012228549
.012632378
.019591279
.018573528
.009699089
.018398248
.011295960
.013201214
.013751885
.004088797
.015377418
.013678426
.003529686
.036457749
.011156162
.005814626
.011734415
.003648933
.008728738
.017626761
.024083539
.012620066
.016560364
.018000301
.016955808
.020460967
.008652938
.021785713
.017706743
.014652591
.010365858
.006818447
.018173093
.016875063
.005183037
.024173410
.013172295
.014105537
.016333913
.013413275
.003869693
.004206331
.003635947
.005071627
.005072772
.004050025
.005924175
.010058989
.004971022
.011314188
.009359487
.015955603
.008461693
.013806557
.018186475
.015140349
.017923487
.008088363
.022976554
.015464828
.019192947
.013899738
.016790019
.013008307
.010583307
.017140205
.019045659
.012509501
.017908769
.015347973
.018084711
.017565604
.014600485
.016573601
.018066408
.009543050
.024423927
.019617738
.026602024
.012860935
.015968031
.019214476
.016950149
.015921138
.018127006
.008569905
.021436474
.023004521
.026782349
.020271852
.013402374
.021536464
.024060783
.016670393
.015576928
.018727637
.025324133
.011795510
.018353137
.021601350
.016171564
.018349773
.017399973
.023570775
.018262821
.011567763
.024146983
.015664299
.024325880
.020098161
.029727615
.015354443
.024037025
.018096448
.022059223
.028975616
.018439048
.027804359
.024144792
.029317086
.028851745
.028301556
.020566020
.025247725
.023489094
.036083747
.023254900
.016689493
.026135439
.020977171
.022931609
.024808013
.027449900
.030750360
.031956471
.022977337
.020590528
.023606638
.020382146
.025475466
.027568196
.028563377
.034912889
.027820362
.024176510
.025895586
.019745055
.024719380
.027049386
.024315366
.028720518
.022854343
.021622456
.024543856
.022092884
.028474443
.015352826
.022635324
.021301079
.026908576
.027734842
.015964413
.029064455
.021835661
.024695467
.020140519
.022181363
.012832969
.015169720
.019358822
.037878559
.020338190
.018004187
.023478094
.024233976
.022921154
.013713010
.017227338
.017390035
.025660755
.019284832
.013493040
.022469060
.020845330
.030612305
.043301066
.026736662
.028900904
.027689479
.013631165
.019454672
.019011530
.020219183
.016985268
.016450672
.020706515
.016662205
.009548058
.017314102
.015167653
.022222706
.024655417
.014808292
.020815932
.022709929
.021585733
.017067761
.015970046
.026667100
.040081552
.021392898
.012902582
.019409166
.023794799
.042423441
.027843750
.018710900
.023930462
.004889272
.022568984
.024399858
.018832094
.028680786
.014943453
.020264811
.018048034
.025837467
.010533240
.024057388
.027705351
.011397905
.020740983
.014628961
.006820803
.009292960
.016288054
.023020607
.020421721
.028052305
.014722908
.034633461
.006735734
.017086853
.020145118
.021656482
.004715096
.017977882
.023459547
.027408906
.025664816
.014341124
.026478341
.017157403
.022181537
.027216028
.015302943
.005524918
.012003003
.028305644
.017580795
.019569765
.027375042
.016824682
.015061012
.019525950
.027256234
.002995765
.013379278
.031244569
.021646984
.022034509
.013688633
.030405185
.003928887
.033464446
.019499932
.015158822
.006617528
.003302178
.007598649
.021036887
.007450647
.012796171
.005313414
.009410622
.012025010
.008439322
.009135253
.026705448
.036858540
.014851344
.011033801
.040221695
.020522500
.018556989
.011212996
.018078348
.014275120
.026033004
.012547469
.025796732
.019336138
.013930454
.010759471
.008888431
.023537119
.011512055
.024222703
.007686506
.006084375
.015390324
.007826278
.004929372
.011050227
.013205230
.012800533
.007711081
.038473812
.006652864
.016131514
.015403183
.017454431
.008538658
.036947075
.011575232
.008409265
.011151222
.012834711
.009792742
.015606919
.012923350
.014279409
.012860501
.022115234
.021743860
.038718989
.019299591
.011081259
.015228341
.021868001
