.002246092
.002099914
.002830351
.003658593
.004605924
.006401424
.008340834
.011281687
.011953538
.017354920
.020091180
.009384466
.012794907
.007904728
.010874914
.012248797
.016882631
.013058036
.027085651
.019070537
.013739350
.009942850
.006052029
.023024370
.025911659
.013194143
.010971048
.011695792
.011550507
.015680066
.008773095
.023656087
.015511283
.012760941
.018734534
.018436043
.028751477
.005558194
.011386521
.028980895
.022220626
.022033408
.010629291
.023191915
.017625657
.014456221
.022686772
.018571639
.039786991
.020515702
.003347618
.012666805
.019788666
.012265949
.036039233
.020354389
.034625893
.020752239
.013714627
.020054659
.009042337
.003690207
.025668027
.016232952
.019949382
.013926326
.005305421
.036017323
.020415199
.025105977
.028020968
.013735571
.011206382
.005980247
.019696624
.016067153
.022279690
.011709097
.028885405
.035495893
.012399219
.026872544
.031734452
.018310481
.034121936
.015015871
.011526311
.026084189
.021841654
.029680882
.025040458
.019859571
.033229258
.041081371
.021781854
.033606682
.018602762
.015836355
.017001101
.015728240
.028533666
.025041630
.024958901
.025886868
.014450977
.032417199
.023717078
.018639838
.027905433
.004413484
.019383380
.030815597
.015148277
.016067828
.026883167
.009090323
.022880430
.024847532
.021600622
.032306921
.031072555
.019259171
.023984191
.026580326
.020413707
.041635368
.018561628
.030931715
.004636061
.026110196
.012882973
.003651770
.042182670
.016243019
.021427719
.029820753
.029346918
.022799040
.016350534
.019331841
.034110349
.021426629
.032970850
.024746804
.018801766
.025778116
.018300225
.032752250
.023635015
.020523279
.014961865
.017316800
.011913187
.012424426
.015141577
.048937622
.024670866
.013037186
.017572912
.014538234
.019003980
.023109653
.020096936
.028209188
.024036186
.033043954
.030076222
.018093445
.049990380
.021082081
.020451747
.025694375
.026529218
.020796446
.017931895
.051665250
.009365019
.032971754
.027433633
.005719924
.018350136
.028045796
.022335106
.031544808
.012902845
.032640951
.019754795
.030900208
.007151956
.014184276
.028896062
.007685198
.041192286
.016510274
.018012355
.023742215
.020142895
.024410608
.023904450
.040810330
.023537477
.013891631
.040092058
.016572817
.019565340
.015513838
.029206203
.058680304
.019744280
.033937944
.020218840
.018732661
.011140699
.007168016
.013987095
.015472758
.007108986
.026355517
.018960625
.021995924
.035842689
.034636075
.026083464
.011321191
.012068412
.017055575
.015182818
.010855388
.013722249
.012610838
.021477110
.026057899
.016418682
.018260339
.026449938
.010451506
.021401995
.020177860
.014732158
.024046522
.013681083
.022336317
.015715932
.015955700
.017350434
.013393329
.015954875
.019822999
.005225158
.014473932
.002489447
.003332235
.003326891
.003725609
.004246075
.003130654
.006034189
.006951473
.006745046
.009023127
.008120981
.009154638
.008683201
.016142337
.012981226
.013343017
.010189686
.015857308
.012887033
.012775055
.012344707
.013942849
.017371493
.013800656
.017404581
.016008431
.018485688
.018874799
.014565807
.011484508
.017830132
.022146261
.015431073
.026783503
.018412820
.020703048
.024909117
.018538723
.016224211
.019066876
.008509805
.016206828
.024813503
.023244240
.011589903
.013451366
.017353486
.022983570
.029613047
.014946237
.015463102
.010821650
.027335478
.021690579
.026874809
.020809294
.021085426
.020768927
.021289387
.018285635
.017463430
.024280686
.018195312
.031152844
.020691910
.024559645
.026522277
.027060921
.023143590
.017398018
.025096166
.019465041
.024651178
.044505495
.029873175
.021532415
.014080438
.022723694
.020810251
.019257144
.024013394
.020620667
.023778526
.034322554
.020506670
.022175631
.027382386
.023070248
.019449282
.016340346
.023486831
.016676720
.028260645
.027091212
.016766819
.015183323
.025929904
.026656369
.019435447
.016509706
.030062516
.023057042
.029136655
.021323408
.023885282
.023215460
.012884766
.025906019
.028240942
.017951475
.022537334
.023402937
.026521894
.013271904
.031734089
.028194531
.016971164
.026243096
.024115389
.024051665
.024820230
.029997362
.029063909
.024479047
.025224756
.017463409
.029573017
.023417859
.018713042
.016797746
.032106421
.022174953
.024259126
.020345464
.026876160
.025545814
.025265836
.023483877
.020186564
.016131623
.022198919
.028179393
.026470487
.026643952
.027877132
.017119001
.021921187
.035343212
.019790032
.021020887
.020360001
.028131907
.030410699
.014338539
.015916450
.026319095
.031680130
.027786580
.026820607
.023849765
.021580564
.030303020
.024878133
.010083542
.024912730
.025332090
.019383679
.028250193
.015271024
.022161014
.018252074
.015556976
.023827980
.025976979
.024702761
.027950219
.031472048
.018186701
.021148793
.015084315
.016597242
.027824137
.022792655
.019175353
.022612924
.026520091
.019683408
.037943349
.010506854
.014361943
.024233831
.017978830
.027926743
.025607433
.031121143
.020756677
.020601126
.029084028
.020326048
.021997519
.012128021
.019691413
.018001897
.021958642
.026244746
.023353655
.021996875
.020759013
.013223082
.039196869
.028989613
.024222565
.022155218
.014199728
.016117810
.028542881
.030163430
.019898006
.020269963
.022020503
.030716398
.023529416
.024969016
.027358243
.027181951
.018402159
.011238492
.029679099
.015953960
.017837026
.020037114
.019047912
.013540026
.020310208
.027439299
.018323993
.018923019
.019798869
.029659426
.018305387
.019302581
.016315122
.021245028
.021290660
.022073726
.016279069
.016178582
.021374907
.017416101
.009427548
.002219540
.003196339
.003508623
.006395408
.010522615
.006059334
.013393910
.010742307
.006551643
.021185448
.006709274
.005727900
.012860435
.011901284
.019997899
.015011117
.018227736
.017973809
.018805422
.009483564
.017037002
.019654251
.018978567
.032812570
.012236225
.005962659
.019165533
.021838894
.016885581
.020228608
.025741429
.016954613
.014491139
.014067246
.017043257
.024104868
.027207678
.018915146
.014326712
.012978899
.028274360
.026705439
.018143466
.021624078
.016604625
.024838318
.022986429
.010979084
.019019344
.024463994
.020147584
.012029748
.024991689
.027652953
.019178677
.029040999
.022293086
.033837771
.015668319
.013397779
.027358986
.022434837
.023329791
.029408606
.021554916
.019173586
.017668045
.032828747
.015176610
.019439687
.020675810
.021414894
.027973264
.023604543
.021553954
.033466563
.024799797
.024653960
.030140234
.014643483
.023012810
.022863605
.019831789
.022965241
.019024724
.028352845
.018854690
.026717811
.021768921
.023910730
.031609007
.023470038
.022632079
.014641846
.025286157
.018265149
.047589549
.027662287
.022637502
.020346168
.028383974
.029292114
.018958390
.024917334
.023787466
.018282019
.020735762
.026567203
.025498682
.024292619
.017550253
.022831441
.027901646
.014909880
.022592023
.014671474
.026695873
.027690578
.018336448
.023203872
.035685842
.027431047
.053968192
.030055590
.018616248
.012939718
.018407796
.025773344
.023294253
.020226844
.024925854
.019384292
.028542223
.025851910
.026152538
.022900745
.033975055
.029580079
.016813530
.013965041
.020464835
.016157621
.021505575
.024572771
.024825575
.020010116
.029481996
.009756751
.015359700
.027236590
.012098756
.026166938
.015721528
.018578915
.027410098
.014257727
.027069090
.017977226
.021969043
.009764540
.012981045
.023806761
.018719081
.022684285
.014471896
.023791336
.015135668
.024800081
.012231957
.017594531
.011895927
.016745541
.003747160
.021941297
.020884724
.014559563
.021590128
.016176243
.019175658
.022050791
.024083109
.018089039
.010418619
.027303233
.017062315
.010697475
.018140325
.026230367
.030947855
.024836597
.007632822
.005659394
.018138012
.010763573
.019946348
.018032627
.012075723
.017521817
.027647194
.015073546
.027677881
.016686367
.023561078
.022016349
.018041076
.015614649
.015350961
.022766204
.017847910
.014435225
.020032025
.018581696
.007679406
.019673378
.014189931
.012210241
.013408435
.020659953
.012270264
.013687146
.014757348
.010005297
.006022738
.012445485
.013695963
.015730409
.020393557
.016139469
.023312592
.013764915
.022643820
.017134381
.009035594
.009482236
.008894597
.008498672
.007173617
.010855738
.004509246
.015818433
.019541653
.014660445
.013399386
.013888707
.011204658
.016033602
.016367032
.010633988
.007221807
.010097153
.002166929
.003974284
.002215629
.008071866
.003103873
.006017493
.009130254
.010534078
.009021626
.004769296
.008761650
.008754166
.009231867
.012168562
.009781343
.014227961
.015488993
.017078997
.017455383
.018854104
.022428574
.021003715
.015911372
.016998932
.030698905
.009285213
.016750396
.018214502
.028588444
.022406638
.032203014
.018080501
.023153201
.015011197
.023968203
.022505845
.023150314
.010103130
.021876066
.020014029
.021743685
.020667127
.024732987
.017487007
.027972895
.027567279
.022861253
.018266039
.026506538
.012957457
.024337412
.032010087
.022496648
.014191379
.021373803
.017648316
.019642951
.023136140
.018697112
.021691486
.018264447
.014014721
.023038269
.019473336
.024070673
.022165848
.020351734
.023795300
.018526273
.021914840
.017613958
.024349033
.023648042
.020771741
.022758167
.022114756
.022679313
.021678646
.017677036
.018185238
.020879038
.020571609
.017556134
.022633855
.022370999
.025479398
.028075447
.028778098
.027818227
.036194178
.016641455
.037730400
.022771459
.014174944
.044704757
.014808312
.029509883
.028626216
.023706393
.039012906
.034398126
.027048146
.030531663
.025279767
.027287228
.018236668
.029844889
.031598555
.025067830
.028811971
.019555996
.025749470
.022016525
.028793991
.012760400
.034615844
.030975133
.004038997
.025604995
.023206088
.030135209
.020459413
.026794219
.036383744
.025232505
.013889757
.023301337
.035604032
.032662962
.019506705
.026539694
.012443858
.035305497
.033264665
.026346493
.024744015
.025276281
.020417188
.021094492
.016684485
.018896274
.020848711
.035081957
.019310753
.027928584
.012677272
.008981807
.012730238
.033522520
.022759957
.017249676
.022206365
.026834748
.029833415
.021340442
.032731332
.022940895
.012606807
.026077526
.005691408
.019569572
.021686562
.031140002
.024950666
.007143663
.020802664
.018576322
.028019969
.006849980
.016940131
.056863753
.016546692
.047402327
.025193539
.034044620
.029233639
.018322120
.027453487
.028468252
.009388396
.022858514
.010689337
.042803465
.017892279
.020074487
.023436620
.013726076
.015048147
.016983558
.017058194
.021039792
.013639491
.015689235
.009593550
.031804690
.007268547
.023741931
.017151294
.015853437
.005487312
.017432551
.014039160
.014111847
.021930877
.024722891
.012788152
.036885960
.019808411
.009627915
.018001249
.045414531
.021378458
.044125757
.012242361
.021442579
.028383648
.019466058
.013713262
.016685005
.004389235
.056481234
.019952250
.037464569
.008936934
.025638131
.036443835
.015158941
.016007711
.032370224
.032453137
.028453440
.039580214
.010867305
.038573261
.030057456
.025618159
.024976808
.020982598
.011451759
.015231040
.029653371
.008422065
.007659885
.006958565
.015145133
.010901060
.009348727
.013651657
.029998567
.016223325
.002216468
.004025814
.007969811
.002812899
.003251207
.006342903
.008591461
.006037633
.010883809
.013611178
.012124075
.011685539
.010627672
.015435922
.013244817
.014443262
.019264202
.017837396
.010828059
.012984781
.011935700
.013242994
.010100905
.015801691
.019547129
.013132629
.020883318
.007361637
.019173527
.017998792
.031748074
.026578925
.012636614
.005666247
.015603848
.019983153
.022505536
.018692703
.019576114
.021152069
.017254089
.011766618
.010111236
.025908231
.018073713
.014651302
.017609449
.016250400
.020513106
.024877041
.012891155
.016599640
.019131784
.026493812
.017098956
.020645823
.012518479
.010354904
.018624487
.030713758
.015825929
.013911288
.026027436
.045633010
.022513969
.021295284
.023044838
.038705080
.025238052
.010665149
.022921391
.023068893
.019819426
.027581915
.028656696
.018040102
.012319777
.030165555
.027000311
.024313600
.032402596
.033141170
.010668555
.013657770
.026843545
.029890689
.011460082
.011919144
.047432243
.022581642
.023875163
.014451156
.007462847
.015022319
.059482416
.015130370
.010545110
.019882901
.022790004
.041919655
.020931410
.035802300
.027414478
.022006875
.024727976
.018214514
.021310767
.013944109
.014367251
.015860381
.017702017
.036489706
.010119054
.025726770
.023574367
.018036450
.023088818
.015525213
.061249540
.018961782
.017737878
.022966906
.054020321
.017444189
.041209859
.042737335
.019268018
.047182783
.007350857
.029239797
.021254758
.020268925
.051481806
.048698044
.034104050
.044529854
.042313215
.016526698
.020555407
.015693542
.025493436
.012773786
.064739605
.022725454
.038950796
.019934373
.033647180
.012229631
.026490020
.014522756
.032791005
.012786932
.015928250
.021988091
.019941795
.032297208
.004228688
.022454456
.021920965
.015580294
.033649489
.027526013
.025840052
.014023797
.025050639
.020687512
.026688685
.022319455
.026290097
.015358690
.046956234
.036888320
.021188078
.029558996
.018415361
.007595255
.021023712
.021573157
.026111149
.031934719
.025664115
.016996645
.023381107
.024280771
.015723532
.017525224
.039939461
.008269657
.015916339
.010900034
.017876608
.030128564
.017702525
.018227125
.018793826
.023473288
.027134247
.034321878
.031231410
.020406940
.024685403
.022489692
.019853436
.024031778
.004336860
.024729297
.033343815
.049606780
.011145341
.041889254
.018226577
.047922258
.009836386
.012970706
.019304583
.010385126
.017199241
.017914224
.031734889
.014099795
.014474535
.024381588
.015301248
.020348980
.016032124
.026898114
.013503752
.017391218
.017540654
.015695594
.044999725
.019950803
.014299679
.014734642
.034582051
.049158254
.017017915
.012034000
.030676324
.021024451
.013066363
.029044023
.016106504
.038087802
.029141534
.036829157
.024420080
.023882115
.030960271
.008491872
.006351528
.006149398
.006605534
.010502981
.004416478
.009451703
.004381353
.011597938
.008520699
.010163730
.011345488
.009757030
.012164661
.010987397
.016380635
.028389321
.016139221
.007982542
.012855308
.012987304
.018518824
.020509515
.013050761
.019295929
.022502401
.020299427
.007390223
.010775833
.013724350
.013487298
.020718069
.016229113
.013030329
.013733528
.030570257
.018871760
.009267305
.015581489
.024271909
.026525124
.024778657
.010194872
.019745691
.003167353
.019193788
.033087155
.013745933
.029192269
.011588445
.015361972
.009247066
.040514057
.017634659
.011538128
.019629494
.018067492
.022777887
.018511871
.023537148
.020882888
.017430696
.026525370
.023433756
.019281140
.017846558
.015773259
.015890920
.009632512
.003421967
.008074072
.021904196
.024058903
.026428201
.025323689
.020584574
.019998743
.023284815
.030980486
.008046660
.022245988
.017319019
.020319993
.023493891
.029699796
.040830985
.023564834
.020462135
.025554864
.029719191
.019374583
.027255456
.035199795
.007652111
.015108473
.021208647
.025360384
.032621989
.023108006
.024261919
.019008518
.047810240
.009847376
.006100850
.029173242
.030489630
.017979079
.034577792
.014986202
.030467587
.026029145
.015334054
.023031325
.024451588
.022367570
.009237397
.020074808
.026108348
.035261701
.011933519
.018625106
.022619081
.011635349
.014525426
.023534349
.044006951
.022475991
.019869234
.023314647
.022534519
.023773954
.018133437
.025133433
.032323554
.012148539
.020224365
.022206967
.023524791
.026508321
.018060825
.014352539
.012216048
.010984691
.038633561
.047034372
.035691786
.023728579
.007732842
.019015016
.012827760
.020109523
.016731211
.023687756
.011309963
.022834416
.017294915
.049411493
.035077377
.024736684
.020928233
.020730355
.046024572
.006741118
.018521458
.017807400
.019551773
.010174439
.015583302
.019968763
.021434940
.022918518
.022935041
.014642364
.020767195
.006053450
.023148231
.013859296
.023384376
.016666845
.021820754
.018438981
.018105339
.020634843
.016330180
.017599651
.070211690
.010948609
.017192542
.016510456
.015258308
.022174163
.011149234
.023272287
.022145911
.020117181
.015917405
.010864170
.019683083
.023846066
.011294997
.010040054
.019744136
.020470077
.007146459
.016978993
.017038128
.014755505
.031772949
.018827530
.015902410
.022809283
.020044023
.022229881
.013556007
.018043931
.016173244
.008323590
.009894547
.010616530
.013903785
.014050044
.005701682
.006109338
.012693948
.008459860
.015649058
.011284901
.008090110
.004452496
.008346564
.011478609
.013331457
.007276098
.008126781
.006464057
.011991115
.013240628
.010122637
.006728585
.007436092
.008936068
.007092326
.006497552
.008563869
.007943808
.010546145
.007668361
.005688958
.006359128
.010525026
.005078618
.002277946
.006098432
.003164623
.005152559
.006205504
.004974390
.006434941
.019404765
.008679432
.012978970
.010341796
.011483261
.024477002
.012460038
.015455216
.017301625
.014266892
.020118453
.015107434
.019798293
.015671547
.022915717
.020287452
.017484656
.017514472
.018253649
.024105585
.021354513
.011468268
.018220573
.013431643
.020635172
.031158665
.031432873
.020952097
.020740876
.023151950
.027764706
.022909928
.019254963
.025469799
.021654981
.017891221
.029639326
.026423574
.016134969
.018986385
.022526399
.018675442
.027674192
.024105294
.018477877
.021978597
.020733740
.025886041
.021972511
.023903866
.026232644
.023649532
.031607577
.031798936
.026651839
.021267295
.026937850
.023948556
.025787622
.019781234
.021261756
.025135778
.025276576
.026182199
.026589868
.020392206
.032396185
.026206683
.025307226
.030517154
.021516045
.023689541
.023591055
.026555527
.024806818
.023638126
.025412673
.030530074
.040594158
.025490793
.030570933
.020038151
.014528860
.020515405
.033975760
.026940592
.025067792
.030582169
.034792987
.022182542
.026249716
.027011996
.025223813
.031638526
.033819263
.047556003
.025798748
.031822977
.019457092
.017229877
.029661407
.031160891
.033901151
.025163740
.029544534
.021877241
.020270006
.027952774
.026544712
.035249536
.027536249
.025475189
.028701552
.032598667
.027514721
.026326571
.028126389
.035899594
.023999474
.014144975
.023908400
.031643301
.017060538
.029627365
.027761528
.041570711
.020502428
.022144338
.031349853
.022897851
.025524742
.030738959
.027961893
.028954403
.024261401
.035556584
.032730785
.023903411
.027608488
.033074294
.035383664
.034244427
.026364877
.025702683
.033601876
.029005297
.076940436
.033659903
.030169573
.018187664
.020902388
.036694890
.030667219
.036347943
.030648744
.031686308
.028082831
.015677045
.018980126
.029694416
.020636970
.022286376
.021951385
.017638456
.025761060
.026440086
.020309575
.017956864
.023248590
.019701574
.020701900
.034752248
.028915646
.018683248
.037232596
.015812503
.025293178
.025564108
.013226152
.023117901
.021661978
.023729682
.021158487
.020854316
.017259247
.023506361
.018946755
.022260705
.022444688
.026373435
.021890050
.025938911
.021957950
.017766393
.017116655
.021828224
.022971552
.022508278
.020473563
.021099634
.018948466
.024860464
.023501295
.025346342
.028950443
.023908032
.022983966
.018663132
.012292502
.013662842
.014790330
.011366218
.017780010
.019024008
.014792435
.020646262
.029024303
.016938006
.013264616
.003891631
.016186674
.023060000
.013319830
.019858606
.010434410
.028576591
.029732523
.015776867
.009597736
.013334970
.014502781
.015630431
.013761536
.008366076
.019284421
.019036651
.012654906
.017793983
.009606406
.017088987
.018387557
.017694231
.014032425
.002487577
.004798565
.003916925
.006911298
.005725189
.006143841
.012064324
.010989800
.016023541
.010896218
.020170749
.015687785
.011023083
.010485101
.008518516
.009497318
.011437171
.020158490
.014339026
.018994153
.004921880
.030160019
.021368592
.014525053
.021624124
.020232894
.012178939
.013336695
.022931531
.022543363
.015647046
.021088626
.036908036
.014858732
.024662651
.015357150
.026775493
.009127928
.011550584
.021217272
.015435823
.007826516
.028598438
.026221395
.015965423
.012715372
.025052557
.025563522
.013955156
.020372551
.021255045
.025420296
.012666593
.024297792
.017783715
.031577074
.014186415
.016829103
.036216821
.018924105
.021002140
.015339573
.016066531
.017455993
.027022748
.031790475
.022500795
.025232372
.016838843
.024653743
.023049023
.016481904
.020965602
.010470138
.031605347
.023968619
.016750807
.033762339
.032029045
.023165804
.026013083
.021462388
.022527674
.019183078
.036569514
.019263007
.020237470
.022868774
.020618356
.017086811
.023347423
.031622160
.036441656
.037774628
.029907873
.031253430
.021102588
.023444056
.037764137
.028025744
.029672700
.055657150
.031659787
.032838400
.029645315
.022060438
.024460133
.024782013
.025570762
.016128625
.027475040
.028861579
.029161820
.033468699
.023519908
.014620054
.040293660
.015715892
.037295942
.031579395
.039251365
.025482348
.027991359
.014860515
.021695258
.022097606
.029855497
.030523098
.029843930
.037964131
.020278131
.018375992
.027362255
.022041505
.022967582
.026701104
.022683660
.015437953
.021833867
.023698419
.022434775
.019884383
.024606475
.030009724
.030321175
.028818474
.032952033
.016757262
.025764543
.024200187
.025824990
.030740522
.019808871
.024399289
.019405719
.017013746
.021601054
.018082224
.027220981
.018512373
.028073553
.026096251
.028364955
.016139763
.033946448
.023200149
.028092183
.026565247
.014620190
.028298763
.017309979
.022717252
.017749509
.025920476
.022650061
.026262269
.024794772
.024478630
.021940354
.018395526
.028181663
.014552673
.024053458
.022008413
.026362801
.030552817
.034735634
.023583713
.022014618
.025458810
.016767825
.024231085
.013319000
.018867819
.027013098
.021072960
.018567253
.016424856
.018762659
.023156138
.024418385
.020571790
.025199347
.030901125
.022768369
.009824754
.010200806
.024211185
.022334751
.024760637
.026554129
.024707414
.020028585
.018885634
.016509620
.025653785
.021172015
.011929760
.011279359
.020987793
.019904245
.015778195
.019485646
.015113751
.018288268
.020828387
.010376109
.012260441
.013626616
.010855446
.028414677
.012132520
.008122951
.008533731
.012994167
.010157187
.014278200
.020124363
.016935564
.019875902
.015136880
.019882351
.013566259
.018428844
.005452529
.016333828
.015693402
.014152491
.005884051
.010019809
.004031918
.006579510
.006170594
.006334318
.009436739
.005549099
.011917355
.002217245
.010246905
.014868474
.011798776
.012635004
.011396439
.011361653
.015289536
.016237743
.011014485
.023096028
.016043278
.014491872
.022025027
.017961353
.014294557
.024289499
.024519038
.019725337
.030955640
.013328124
.019186765
.019899466
.023468576
.023220045
.020364274
.018311195
.019855347
.021665006
.012426666
.023247428
.017380884
.022617758
.013746681
.019861710
.017532012
.019750152
.023852359
.024792686
.022533153
.023004782
.032999832
.012238945
.026201734
.016540665
.018321780
.016254715
.027940457
.027352608
.024696808
.031823801
.023948491
.019579410
.017982302
.025218169
.024554255
.022741031
.017643699
.023366864
.016926589
.024675101
.022742903
.017595318
.038484144
.027474645
.026632808
.018538226
.018830138
.022340888
.025392863
.024955442
.016133078
.021036511
.031040247
.019569832
.018972042
.023079948
.020014601
.021692205
.022557371
.026618090
.030052949
.024429983
.028076780
.023040296
.028782761
.022235832
.018819260
.023260106
.026763242
.016371005
.047314979
.024760626
.027505131
.022730789
.027515919
.029679624
.023493928
.025382919
.024434497
.023708949
.026014919
.028812050
.028563205
.035459385
.028820165
.023597202
.024880443
.024608012
.017937865
.022303393
.021146728
.021950970
.027060314
.030723592
.021374187
.021866079
.023960183
.015777900
.028347182
.030073482
.034893712
.027658361
.028066845
.020031385
.021447715
.020143423
.019417713
.038764905
.021223728
.020031737
.029724964
.044413912
.011136579
.015690094
.023052737
.027553160
.009585315
.023844687
.015266586
.022112779
.026518653
.014089698
.011936642
.033035763
.040641790
.024368439
.024975905
.024926198
.027776783
.016724465
.027842989
.042874195
.021831832
.015582156
.014594359
.021297348
.023544213
.021023891
.016494364
.024266913
.018599555
.023827578
.016385626
.018781838
.021547848
.018973190
.022694512
.022613828
.012027147
.009774063
.015854292
.022860614
.014260342
.020572988
.015526628
.014242579
.021224049
.020282949
.020176892
.012443563
.017000005
.016045047
.012272998
.020612507
.027472191
.020582273
.018487425
.024751171
.009195697
.015454815
.021759736
.025222807
.020924467
.019602191
.023459181
.011920436
.016605948
.018378374
.021478260
.020633048
.024638802
.024260048
.017959595
.022855179
.025370384
.015830006
.015698133
.010075298
.022395471
.013659185
.023874520
.017172243
.014727118
.027081373
.016002468
.017208609
.011900725
.009164646
.007194951
.026861749
.010306834
.013200094
.022881843
.006395514
.010426848
.015933471
.018810747
.009539988
.011529901
.013738548
.013561158
.015670970
.011773415
.021720946
.016003513
.013442079
.010474734
.011148239
.019167011
.011482692
.012066232
.013815492
.004516184
.004853572
.003920891
.004975435
.008234348
.005208738
.009318055
.003470514
.007572797
.016982173
.012080178
.012041936
.010824696
.014438434
.013180424
.014960665
.017650561
.018693360
.013061897
.010355130
.024311728
.018797125
.014685923
.014248550
.020189218
.015607430
.016278114
.022069897
.017819757
.017758931
.020620003
.020863027
.013560029
.026259971
.016336700
.020909199
.020526446
.023047233
.020690481
.018583311
.020463639
.037503440
.022240921
.027456937
.027261523
.019886668
.016977000
.019844196
.019036298
.011964372
.020202396
.020624834
.030774369
.022020800
.016152178
.020932326
.026815329
.020853314
.026043611
.017067779
.023570210
.019854672
.023008551
.021984090
.017120786
.017970015
.026901842
.014535951
.028584599
.018585733
.017033217
.027199255
.017065086
.023662329
.021172968
.019648862
.026514588
.024026255
.018009655
.021173257
.024751424
.028443676
.027491473
.019034169
.029799716
.020471571
.021920403
.021221351
.022507432
.025212125
.022677901
.016291307
.022867089
.032536573
.030227372
.025165303
.022352108
.039037429
.028390346
.033249215
.025901319
.034938791
.032265018
.030477889
.025560107
.021472353
.028650956
.022538117
.025231464
.028419558
.024176123
.030456260
.031354597
.017056963
.026749985
.028608884
.023557815
.021992659
.018376187
.020799379
.033049879
.025880130
.017860195
.021921655
.018700564
.024344418
.014720111
.028525210
.014761358
.020099208
.018615318
.013277658
.026613038
.014437450
.024139948
.014103362
.020779989
.028218683
.021288708
.023562733
.025134237
.022909186
.018194488
.020337108
.018957827
.021186128
.023321794
.020600925
.017450540
.024735077
.022302488
.024171161
.030673895
.016070631
.022534930
.016896662
.021970038
.029500001
.022488627
.023284271
.019028316
.033746023
.017370632
.022060032
.027102973
.024175711
.031619218
.022497774
.018703420
.026482601
.020832233
.018492545
.022679282
.026466962
.016812919
.019340039
.023333457
.021951571
.027649338
.025022097
.024216378
.019128412
.025311335
.015536884
.027095873
.017116052
.021270358
.021647165
.020551975
.026328840
.018742488
.020718067
.016684987
.025743396
.023883278
.022573383
.027769194
.022730945
.021441974
.026072909
.022737278
.012032230
.018099817
.022375082
.023197862
.014941232
.010227382
.024330404
.020546054
.025199127
.020712894
.023740946
.018643327
.019249591
.022080101
.024635242
.012739685
.011005878
.010666713
.016824745
.029121916
.013757758
.016831499
.008316849
.010234847
.015683736
.013652709
.010080038
.014195711
.019296763
.013877972
.012781976
.011713992
.017865971
.017326197
.019334501
.020169756
.015898057
.014467741
.016002780
.014336365
.011147152
.018391374
.027716610
.017791789
.024989762
.017461152
.013659916
.010701327
.011025095
