.007257451
.006813429
.011754589
.004133504
.008540917
.010495570
.007171420
.006326939
.010817541
.007737674
.008061224
.009639556
.004262716
.005887646
.011107705
.006183699
.007693393
.006615733
.003896589
.007462039
.008095238
.007119677
.012651707
.004449308
.013097220
.017536379
.004048675
.008810043
.016639989
.011344310
.018222429
.004406535
.004038624
144.449708196
144.447177965
144.460308181
144.450615956
144.449983410
144.451867297
144.453274305
144.457269422
144.457597971
144.450636803
144.455567296
144.449575980
144.448151416
144.451621157
144.447085449
144.462090395
144.451197060
