.002749549
.003374569
.003739004
.005354884
.011441207
.007206576
.007816467
.011312068
.010312353
.017226781
.009223463
.015877416
.013898175
.016965951
.012881430
.014368952
.017667022
.019853169
.021104495
.025724784
.019892705
.006089968
.018655183
.021330216
.022444056
.017926661
.020905082
.030476962
.023099130
.019945394
.020347822
.020670128
.017862799
.021932234
.020851193
.015271296
.015649506
.033520757
.015894873
.014618527
.020636548
.012650725
.015360996
.021583650
.010718388
.027324454
.021135949
.010102187
.017063017
.026431732
.017881400
.026819373
.034121383
.034012191
.022439208
.012463283
.028024494
.020256201
.034034055
.020907910
.026254337
.032050245
.027847036
.030773850
.026840233
.033285818
.049177728
.033252196
.012742952
.024773484
.033877313
.013552343
.023864637
.031017756
.007794403
.024755373
.012529593
.009784085
.028901042
.021040666
.027544561
.029443296
.020458131
.032817518
.029338708
.019218680
.014436059
.047040929
.031323274
.022873578
.024449474
.022989042
.025512206
.024700186
.022194134
.021462368
.023289135
.019027515
.022980478
.025100570
.022345171
.033411623
.030904821
.046223965
.003469343
.011832470
.015043205
.023944874
.026132859
.015099552
.046110967
.023736726
.011348686
.023664484
.021578960
.014423205
.016373137
.023721844
.026132533
.023736237
.030294107
.021443700
.014647473
.011073145
.024072956
.019932560
.013535130
.016653090
.019986088
.013507130
.029235187
.030106531
.007609300
.031624720
.024834727
.021481141
.011608600
.021830305
.012426811
.019040141
.033066757
.021165240
.032918480
.048413342
.020069702
.027125933
.026026003
.014602325
.026382708
.027580541
.003653952
.006752840
.005418236
.007832717
.005162128
.005387240
.008480850
.007867446
.008892842
.010307074
.022279980
.007411198
.006781431
.020626417
.016694290
.018750182
.014782121
.013779954
.023641677
.018178216
.017038091
.016857179
.012476302
.014044615
.014896670
.013082449
.018795359
.014693800
.021876106
.010478261
.009213751
.009920632
.024678583
.019222213
.007848951
.021973552
.017620212
.020910982
.024423686
.014256419
.010135502
.021101609
.023815162
.027768234
.019391584
.029246575
.013802758
.022513838
.018563684
.034183521
.007776120
.012978014
.013042235
.020528836
.030946543
.024729558
.024543261
.019794524
.024794867
.027282846
.026567053
.016978177
.026233597
.011302640
.029942261
.014768560
.032625912
.013226842
.020067686
.026434100
.010548959
.028847174
.027376915
.024336234
.013885270
.026637001
.020620799
.022006559
.014011955
.030763743
.013701943
.023194041
.028401941
.015667332
.017795292
.031121000
.028932088
.022704802
.029220514
.018243884
.034999237
.021687676
.010030416
.013297034
.024486661
.022274390
.013174475
.013875152
.028262826
.018288556
.022090396
.016119133
.019938674
.015678375
.020475212
.019753403
.021776643
.022614422
.034417808
.022344814
.015510722
.022837365
.034059217
.019837636
.034349621
.015928226
.017039848
.016588676
.019309081
.017804417
.011630873
.018106698
.030693238
.012454925
.032561087
.012609777
.010384513
.017223199
.015516213
.019757434
.022542005
.024202257
.022794010
.020474889
.018702462
.006826122
.023689194
.024583184
.019957298
.023836380
.012072948
.009447529
.019666378
.013401060
.022338697
.016400693
.023681579
.008186343
.016656744
.053892984
.003909344
.003359189
.009297507
.005144787
.007866433
.007570984
.007307210
.016432535
.004925845
.014217634
.016710886
.013849727
.014632171
.015634656
.018779765
.012321704
.016899553
.010085085
.022109040
.019489838
.010723465
.024671306
.020454904
.015930488
.016734607
.016134103
.014763358
.012828493
.027012854
.023596196
.018834419
.018209135
.025853984
.007053843
.016496489
.038321221
.028801639
.026413536
.035919657
.024998850
.012224356
.013435482
.030382003
.008820418
.023667403
.023451206
.020147973
.021895489
.020038244
.013102219
.030191609
.020323634
.024798805
.020448020
.023817784
.013054070
.015854812
.018699443
.028858376
.027820521
.023619956
.017151524
.032124053
.030972161
.034915069
.027214350
.032833696
.019208461
.026061601
.024949094
.044416781
.022339954
.014846821
.023758945
.022054687
.041194492
.023170659
.029291061
.022217022
.018757093
.010297285
.014763985
.007398895
.019379147
.023160632
.012160667
.052336733
.027775428
.021726056
.031222947
.029770326
.017003463
.028505623
.029247293
.034136403
.036348634
.023873694
.024797559
.023615246
.016779213
.024877738
.014777108
.022121755
.033201099
.011990883
.014259718
.012574283
.020801957
.024939330
.019079452
.029614023
.018626921
.018092040
.031887717
.024156773
.012950840
.015670113
.023830505
.022619785
.018633274
.020341907
.023732471
.025856974
.053098785
.021937297
.039337796
.023697293
.017096106
.014264899
.031023797
.027842761
.030528812
.009971954
.052720742
.007752329
.058049575
.013029970
.018454525
.013484842
.063040828
.017219178
.045757942
.020344637
.024034492
.015971285
.043305291
.051473677
.019353849
.022156913
.008135292
.003479419
.002703570
.007073416
.007288199
.004093007
.005831052
.005991333
.005320408
.009626015
.010179354
.008054524
.006224389
.013889488
.010970033
.008787111
.007962488
.014291859
.013219117
.009899309
.019117877
.024627545
.015799214
.017937969
.012123303
.018788922
.017583487
.018646726
.015589124
.025861605
.020323488
.015432037
.016668619
.022554273
.020483178
.022886105
.015191148
.018125868
.013730768
.023018772
.027005441
.025794306
.014931028
.018394399
.021956288
.028692562
.015243935
.016932393
.017428455
.021717253
.016226528
.030866132
.034543942
.036211828
.024538397
.015415518
.019604931
.022527081
.019798627
.017632874
.018577716
.018481899
.017634618
.035337984
.035033831
.018492117
.016250645
.024814555
.023134631
.024050541
.026638614
.034338156
.031526006
.018745101
.011213944
.028833702
.017980795
.024722208
.012909546
.019928570
.005036042
.035546959
.020531048
.045408295
.049090665
.034264577
.030574920
.008226668
.036168296
.015189386
.030781991
.020045077
.032081478
.029921355
.032834420
.026359444
.008669269
.020716042
.049091024
.023697216
.017544325
.005422013
.039921818
.034802098
.019407307
.017594645
.031478895
.027311945
.028770072
.017219010
.016634259
.033107206
.026668961
.021471306
.013719788
.049959850
.032352710
.040212994
.036507199
.011349068
.048624614
.047007327
.021059818
.034103512
.003199540
.022054712
.022776168
.028642831
.042438112
.013498056
.045018419
.006174928
.026508317
.019054313
.031779574
.014182106
.039463088
.027277258
.019900247
.032844725
.039820671
.017538529
.024033169
.007254859
.028262398
.048556646
.019043593
.032377696
.019263614
.009276552
.025356571
.006779531
.008719371
.025195712
.017287060
.017967203
.013986335
.012536235
.016956384
.013257553
.014642731
.029413546
.029275176
.026013512
.026687665
.018242049
.011543500
.047808621
.022288056
.012987691
.017965496
.033932206
.025166575
.023945344
.014066447
.037822509
.018324482
.007157844
.005796508
.011288587
.024975849
.032932728
.013193240
.013058016
.014160746
.025887988
.053040018
.032403806
.040600431
.015034909
.006526163
.011670923
.016196345
.028554673
.014042897
.011877795
.012135343
.021864759
.015083110
.040657895
.021457504
.016530484
.033241105
.009584254
.023810829
.063275756
.013000486
.011263432
.061517339
.015555478
.012381737
.036499032
.021528979
.023766024
.019234733
.012518480
.007891820
.020707073
.045444510
.022731746
.021083665
.052539818
.017271478
.017467651
.007602775
.047911906
.033116755
.031165901
.071833209
.009122994
.037228130
.016557927
.011633974
.057320036
.037766670
.021267137
.031404724
.014366249
.043136208
.072082075
.045787744
.020872486
.023710893
.048902831
.006143843
.021759405
.009070496
.039650488
.016102852
.033964351
.022406187
.035010141
.019163847
.034327802
.025581649
.026608557
.025746005
.031413860
.027568687
.005375780
.008770679
.011960356
.014837766
.020952032
.032213492
.013577032
.045815495
.036891809
.015032724
.065103134
.014717594
.021816530
.020682993
.036541717
.025612936
.084637582
.074120494
.006376256
.056863187
.029914908
.068426311
.025996695
.014296525
.009652172
.009517726
.003660512
.039517877
.055054721
.009436360
.021037018
.005827034
.020371569
.021917467
.020851572
.042856584
.049771224
.042538062
.036478456
.051178916
.013717957
.005597333
.005531893
.003012620
.007163323
.006010978
.006592294
.005957313
.012627250
.005941831
.008794336
.007133026
.010763815
.007072467
.005736890
.013728212
.006560780
.010482780
.017891105
.011937322
.021642101
.009356804
.006627729
.007470889
.016581921
.023093438
.012823595
.013734574
.012786065
.015843780
.018938319
.033121295
.022858609
.014112529
.020013102
.013334404
.016046428
.013070817
.023499348
.027771915
.027885356
.019664080
.017439647
.018870554
.027800286
.013786029
.028694884
.032130824
.027008141
.017383431
.030091239
.043418897
.019158125
.011882010
.014000757
.031129146
.029111866
.024381829
.026886550
.011884264
.024120051
.019215114
.021105078
.021392591
.019457409
.011350514
.027283786
.024579930
.026932999
.034027684
.020901856
.025063813
.022241341
.017967604
.025522947
.025073677
.012472954
.036936008
.022607398
.018814101
.023581716
.020428423
.029445976
.028930711
.031129968
.017775253
.021898360
.013033807
.035635624
.013493300
.030498324
.019548234
.019184514
.026373746
.045802521
.023829771
.011777151
.023010898
.042443762
.021664632
.027707204
.011610322
.024582270
.012625463
.033034062
.024637375
.014819095
.035185125
.048720081
.025315803
.027307740
.025263609
.017257861
.037089114
.022610044
.021367635
.037671774
.035922976
.015593141
.048732589
.015223862
.041108440
.026727455
.018417603
.011200584
.013195076
.017487296
.031327862
.016861316
.028515312
.033161259
.016929720
.025497709
.010645927
.041001257
.012772799
.021569464
.013838626
.015556315
.014908564
.023888003
.017288329
.011566282
.011104693
.015169586
.016839797
.024970660
.033077528
.031898788
.009871820
.024394103
.025662050
.003299116
.002568185
.011455911
.011798488
.007156913
.007321530
.006425202
.007102163
.011920718
.006398616
.016438100
.007906614
.008802588
.018428970
.017540840
.018602224
.022951909
.018170952
.006616488
.010837575
.009448757
.006933176
.021453041
.023874762
.010890233
.012075058
.021238917
.020345683
.014427173
.012880659
.028716355
.017861224
.019611721
.021620039
.002861204
.019400201
.014370488
.012264846
.039941047
.027005946
.018579487
.012757380
.034523227
.008969136
.018114942
.010101646
.040054119
.019873687
.041038930
.018001523
.006190715
.047680531
.006009447
.039278818
.027140271
.011603669
.032546343
.009132184
.015140092
.010437746
.019350099
.015481574
.008620913
.013540181
.009223738
.029165812
.018440204
.021425034
.019154768
.023839123
.041101216
.020341549
.028630544
.025211327
.008217955
.044337196
.042222340
.016252937
.048231976
.023281984
.041667656
.017075488
.012805246
.024351448
.015522085
.008739588
.048707174
.031744999
.036562116
.012203722
.038857760
.047742976
.019890664
.039271043
.007508781
.017817347
.009157168
.011113341
.010712911
.026666731
.045557761
.015411456
.030193022
.015521204
.024361600
.031836524
.058260327
.035633419
.051247874
.009221394
.017081090
.049694912
.034783519
.004274057
.029453747
.022341804
.010989608
.043542621
.060397218
.043184779
.035953925
.009890119
.034981192
.007206254
.054122212
.027785964
.064103069
.002441488
.019237222
.032942393
.012933148
.025935956
.033128225
.030356446
.029054994
.020375744
.041926374
.025529830
.022506997
.040754778
.024465870
.046459715
.042253682
.032618781
.025253000
.036314153
.023617011
.029077537
.051201806
.014598732
.002389817
.005785684
.010769884
.009093025
.018581626
.009121536
.008673922
.013689738
.011906605
.011337207
.008682244
.006684397
.012203588
.012535316
.022891024
.018743176
.021159054
.008943493
.008665094
.016316631
.013149241
.005847723
.019923319
.016459448
.013533034
.003225655
.015277893
.018504867
.017467650
.015199367
.016605342
.022006698
.021217593
.014373441
.015541436
.023073114
.020578980
.006988770
.020894500
.021336221
.017068138
.019268845
.016786373
.025730578
.022491398
.018780941
.012136785
.022939441
.010093786
.014836529
.010073529
.017049093
.025395881
.029945642
.030381118
.011685546
.010074593
.012196945
.024360289
.035650285
.011348440
.032611169
.010744732
.030763374
.020226827
.033727813
.034261669
.026166651
.032887868
.020195997
.017987905
.027165688
.030780101
.007035341
.042004521
.021509302
.018978242
.017335714
.021897793
.021780043
.029597047
.037673923
.017126935
.046857474
.049561498
.016316446
.009877113
.018595235
.013100009
.024449402
.035648555
.006981276
.021987463
.009214801
.042862422
.019006184
.010884295
.008486395
.008383871
.050819451
.035744595
.009690332
.048964716
.011471023
.018086666
.021375960
.044568332
.014811743
.021727544
.061883517
.017766170
.007180422
.022618492
.021342253
.047159616
.009537624
.017656362
.047185707
.038040919
.009701123
.010053108
.040772945
.007026721
.016024187
.013882527
.033896311
.026097171
.047098272
.025803321
.009896401
.007079165
.020375077
.010915953
.048733315
.009399342
.020796886
.022387947
.027870757
.040963231
.028017380
.022887827
.023721981
.025248917
.013938612
.021194314
.015338029
.012857850
.011298751
.029432355
.019343585
.008139492
.009246791
.009447266
.006304235
.010306997
.002139276
.004574063
.011876454
.010312768
.016460825
.012448892
.013088989
.009416279
.015372917
.011894001
.004788247
.004160473
.008629111
.008816088
.015717173
.004904681
.022478453
.016706094
.011213726
.027641868
.020187518
.014406338
.009727164
.022863260
.025910433
.015151521
.033219969
.015261895
.018369751
.015205197
.019020085
.025616009
.024825879
.033712056
.018766827
.017111827
.012702867
.019384773
.039855476
.019392024
.037307916
.024740847
.020435478
.024348532
.018397565
.004502981
.018994919
.016834375
.025701726
.027505243
.032610716
.018767429
.019066491
.019633569
.022108082
.014436564
.018940673
.034236795
.019526116
.037299868
.019802774
.032941233
.016799878
.012194188
.012627405
.023943890
.008545124
.023041658
.015269018
.017594765
.017164794
.024643161
.014151301
.027603310
.022227609
.017689704
.022245767
.013154377
.020554752
.023699014
.011950061
.011831446
.032475604
.019581285
.027839539
.022286023
.020815034
.037006763
.025639458
.016671929
.024071642
.022850980
.029253968
.043600365
.053830194
.019348323
.041995925
.026557556
.028340742
.040696525
.020070319
.024964329
.048381689
.018484763
.017463581
.024614752
.058704805
.017741192
.017614673
.027341092
.020844286
.017049052
.011170734
.013236354
.042541565
.017936813
.020661713
.042917696
.040366092
.059973153
.003551603
.014345275
.019006808
.016527069
.032883604
.021661433
.009630621
.043974948
.025526361
.050880621
.011116269
.025114306
.020174143
.031227452
.009669470
.028816642
.019574327
.030414740
.016238264
.022487601
.050429540
.029947100
.009835086
.021035262
.016920717
.003767178
.007075648
.005072198
.010523392
.003282579
.006816347
.013951585
.011743846
.007508017
.008869549
.016739577
.022402835
.016014979
.012295759
.015003695
.006821161
.008872552
.018072566
.012152996
.014236063
.020533708
.022770480
.020713537
.015264438
.025904911
.017187902
.022548744
.022536972
.011819269
.025748402
.022798646
.018961758
.021130672
.018087045
.011910465
.025619953
.024842384
.022833103
.030789993
.018757821
.023535601
.019652895
.031163310
.025900186
.021092649
.022749291
.021283120
.018093432
.021667082
.037598176
.023200182
.027632031
.021848044
.021794668
.024588206
.019861888
.020770209
.028361025
.023852276
.035238656
.024508439
.024811729
.023585570
.016069075
.034676338
.023523913
.027263234
.027828665
.021930212
.024514346
.031072722
.023092212
.023766111
.026527546
.025684231
.030933097
.028652338
.023334114
.023418386
.022748186
.030086394
.029838705
.029131084
.020658720
.023892287
.020325651
.026949703
.020712153
.021068061
.024960045
.024196731
.029928910
.023860846
.023842203
.022522835
.028447252
.021495882
.021555168
.026510183
.027639083
.027139503
.029723774
.026867434
.038777958
.030097940
.031096185
.037436645
.029978225
.032015185
.027419127
.021416514
.037812708
.021172680
.022019361
.028384719
.016647689
.020107873
.025579398
.021587384
.021693912
.013615884
.020435644
.026439176
.027314473
.026364491
.023121522
.018179059
.027053642
.020865463
.021076894
.019567121
.025189907
.030356715
.020730517
.020866453
.031720054
.022559536
.022651913
.023915414
.023968792
.021384751
.026467064
.025127598
.021560809
.024635174
.018677248
.019362453
.033309794
.025889497
.024949621
