.002247925
.003121535
.005525770
.008351955
.005262361
.009801054
.006772713
.007868280
.002280376
.008477352
.012804110
.016811322
.017999748
.015958856
.018465290
.024639802
.020992701
.015305327
.012419961
.019299376
.026044080
.021839794
.019926156
.017862723
.020696174
.028394996
.011354416
.017179695
.014888561
.004759701
.018815128
.007285082
.015959104
.017592891
.017206941
.023649440
.014338525
.016564424
.027078792
.015958332
.013267049
.018771828
.040506004
.016339786
.036532298
.015198801
.009806887
.028867422
.025127525
.019129193
.023188548
.033169469
.016582388
.006919049
.024727953
.025510152
.020067844
.016553557
.035956857
.018985067
.019249112
.018041808
.027006669
.009322753
.040107379
.014955082
.024338044
.046884154
.058858720
.022555755
.013247199
.017958018
.022435239
.038189663
.033038594
.031217901
.023999956
.019345752
.023759406
.015809415
.014017538
.016488589
.017844886
.038717952
.030596329
.051067783
.031843561
.006657687
.014026500
.010192029
.010077952
.019596810
.014981900
.014241873
.019983025
.045603822
.031137938
.027488378
.048590001
.009927439
.016915773
.039092175
.012215218
.019218063
.028200869
.024633093
.018962485
.023115795
.016143446
.054565719
.043469062
.030392025
.025472245
.008072276
.057823697
.015911658
.031098489
.058552553
.020689512
.018712138
.021974515
.033825399
.028098953
.021502363
.018955076
.015842285
.067590605
.057462339
.048558644
.004308646
.024467111
.003863359
.044466385
.022258975
.012705605
.029771677
.019226219
.003560816
.040721531
.013567841
.017602207
.031419686
.057592208
.019859557
.061806346
.009216746
.012065467
.007794076
.017291041
.040705560
.022780444
.011081698
.014526993
.030735092
.013125359
.038576034
.014575701
.024384409
.022176235
.031109608
.024060333
.012749267
.020019812
.012286939
.051326875
.013584829
.025453529
.004019657
.031532196
.005435744
.009689233
.011057824
.035994665
.030183753
.020528492
.032723648
.008085795
.029379133
.008742440
.018857401
.009927623
.017468878
.004375282
.011023732
.068551423
.005468173
.022768924
.027765436
.023661552
.024394238
.026785630
.034618207
.018696849
.025131132
.024389145
.021607128
.021710332
.017421569
.014155369
.019645324
.002823852
.005054677
.003331379
.009199488
.004802627
.007166320
.004207003
.007404145
.006189178
.008538490
.008798209
.006685106
.009360046
.008840245
.006639702
.012561201
.012075478
.009913803
.014901710
.019615288
.009515788
.021363097
.011220531
.016871261
.013400696
.017651080
.013182985
.013306018
.012717191
.007253091
.030490829
.006821095
.009580442
.011811842
.021424299
.034867300
.014974668
.031703100
.021651879
.017143208
.018766346
.025773679
.044137246
.029664662
.030137563
.031796167
.014350163
.029519940
.016215625
.003559299
.028739117
.026131401
.012778823
.013019688
.031799259
.017203528
.032235034
.022084067
.017699908
.018306034
.022326094
.020906747
.032746143
.011140272
.019991733
.034601629
.035901931
.036139403
.017831806
.029786014
.014850130
.026637248
.014097191
.034930333
.054256623
.026204929
.024791105
.010486998
.023409791
.034423471
.053896371
.017422481
.023833118
.002619986
.039028127
.054322739
.011506936
.020288457
.029477507
.020607183
.047666862
.017966526
.036504698
.053729511
.029673687
.039824768
.005807070
.040610459
.026287792
.033685842
.026882243
.030191051
.017863450
.060609447
.027245075
.016706057
.022290457
.040337755
.016784646
.063671616
.016744444
.022819912
.034390611
.028823434
.026523679
.021865674
.030082271
.038743283
.023316193
.021353375
.026242445
.020338645
.056803126
.059573014
.024812037
.003106487
.027533533
.058936913
.018770147
.072931499
.032525930
.020056367
.029090354
.021031126
.020431918
.034942650
.027536494
.039589584
.033381801
.031151568
.040732425
.052773950
.026608513
.025646169
.041014213
.021514138
.035847713
.025412201
.033785969
.021478146
.017693996
.068869278
.066259931
.036849713
.015033284
.034011558
.058270392
.022544259
.019890103
.056619135
.024911253
.025005484
.034987994
.029278954
.041595786
.029337813
.026445859
.029905666
.018702248
.050678709
.029027500
.035679387
.046243437
.017562368
.085471405
.036198226
.049272101
.065040253
.031814869
.051761043
.075886455
.041808014
.066910139
.059031437
.050148496
.028626674
.081741203
.078393812
.059638885
.030895496
.039728143
.053883881
.017659289
.037065591
.037402855
.044785658
.027012664
.039461469
.018735303
.032174570
.002927984
.003340931
.002484326
.006407675
.007745411
.004937815
.011038054
.013128713
.009170653
.011344738
.013823697
.012986544
.012243546
.012497654
.005999454
.010319758
.013256695
.019694909
.024058192
.011029588
.018927397
.024202444
.005701708
.008623748
.012455525
.024755821
.019812836
.007241367
.021996971
.013786368
.008851128
.016313953
.011996121
.029650165
.016192928
.011540566
.018824496
.013258356
.011092170
.020669219
.046392019
.023144483
.019590309
.016951974
.028044834
.019110933
.022344807
.037644613
.026117582
.025159765
.024082539
.012198448
.027185906
.019266253
.010895824
.017511676
.020520209
.016221728
.017012719
.026372388
.027584500
.029516608
.018816210
.021689662
.025133856
.022788783
.030844092
.018999155
.017448149
.022427983
.024609387
.021574444
.020636994
.020352425
.030859884
.019732863
.004876755
.018694451
.012342915
.022267673
.021834305
.018871248
.028435195
.030585283
.020639740
.025372448
.022210003
.027411729
.039732130
.030683796
.016714418
.054219399
.017869936
.020010015
.022552242
.048494021
.017562956
.044184457
.017504484
.054591524
.043659690
.025013386
.010881133
.017628756
.024733047
.015389319
.040698106
.010339658
.014715730
.019464770
.038858255
.021270098
.028077352
.013386930
.055743581
.022275921
.019120609
.056490721
.038796452
.064932481
.024939122
.023429215
.016160627
.023735411
.021591879
.019749412
.050896308
.031929889
.020623112
.038149960
.038221366
.026046509
.027314301
.020410308
.024903403
.016307901
.032570128
.044091156
.022326736
.031043809
.038468460
.018258674
.074823085
.049774243
.016235915
.039760241
.016457621
.021489601
.020322917
.076658287
.055961514
.020362820
.034196697
.035623418
.009544636
.024590279
.028164409
.019173467
.042297356
.023169458
.005684401
.020228866
.024800147
.033442849
.041045467
.019305337
.017810268
.071542870
.017980960
.017879395
.027574325
.009894425
.017791454
.020645774
.014461937
.024264759
.051634642
.037730891
.065543308
.039316614
.011945469
.032016493
.019018134
.015428193
.008157117
.018845466
.013222687
.072489424
.023882913
.033901324
.030249317
.030294642
.038250309
.017930781
.004968384
.021344276
.004875946
.049345123
.038097358
.022476558
.006155011
.003850995
.008406602
.005521750
.004717521
.016187048
.006547815
.016644652
.009890716
.008682072
.013124530
.016644833
.013207482
.016903365
.010537246
.014947068
.020201930
.007635947
.007589817
.016611471
.018140149
.015115296
.026404106
.022230780
.012926969
.009397841
.015089905
.021041546
.020706759
.018393622
.020427439
.011693785
.014764113
.036266699
.015747915
.020533127
.018632633
.019112555
.012284158
.029494417
.011550709
.016504031
.023492401
.010641099
.014735528
.008466758
.022016949
.020508810
.021577522
.014764772
.017214015
.021919078
.029843035
.028168554
.015193475
.012815378
.015252256
.018188350
.027655943
.016340795
.025533481
.021959201
.016694563
.016332139
.030788551
.020027272
.029480326
.018759038
.026543079
.031040584
.017187233
.023773352
.016996891
.037694907
.024997499
.009939163
.035841927
.017304966
.013175591
.018417132
.039632956
.011503231
.046724541
.021750452
.023358474
.044532473
.014864830
.024217303
.025477956
.030531679
.021596833
.017151931
.023007585
.032503749
.038774176
.025568098
.015441984
.025035171
.026107823
.020866365
.031402462
.039490568
.008737128
.061430858
.048552566
.029173760
.023362825
.046351276
.054825129
.067588425
.048078481
.042479705
.021186680
.024454840
.048026074
.021421468
.019936635
.026980846
.010250164
.061524847
.018630473
.043309639
.050920498
.010388620
.013934897
.019212651
.021623075
.046463834
.048437038
.020315920
.072995867
.010976344
.020746351
.017072260
.045296031
.027969830
.029221843
.020443744
.009803150
.014660979
.018474326
.024187519
.024076955
.050477008
.020436170
.016926478
.014646369
.017626445
.021305950
.018496609
.052100965
.021537553
.021955386
.040367851
.055976890
.021909610
.056857585
.018067502
.022254372
.049041427
.017674773
.007004527
.011700422
.054491980
.017464831
.019024007
.034628799
.027680053
.054397082
.064470363
.027672353
.051275728
.009178707
.011591325
.016674420
.006048139
.057420411
.016683894
.016700679
.053919781
.031407471
.036216255
.025384674
.017036993
.011417710
.034521521
.013458113
.041491048
.010570572
.069294545
.051147820
.031824152
.012982189
.035852467
.043907887
.037176217
.049186104
.029582662
.034196581
.023736591
.003251660
.008457327
.006102416
.008897155
.005947220
.004376838
.004994951
.014756575
.011554138
.018534918
.013481577
.013310967
.024687408
.013339805
.015389821
.009548599
.016100577
.014477783
.013974714
.009689943
.022024953
.014075556
.023467151
.019837274
.021434655
.016116667
.007632254
.024812433
.019713353
.018132808
.021866040
.018462211
.014092824
.012442856
.021917991
.019756339
.014442431
.011361586
.023338760
.017253650
.013237119
.016094703
.026701244
.015264014
.011944948
.038153060
.019433141
.017204714
.018098661
.010876951
.007330159
.006985914
.024477158
.018147058
.011730562
.018249633
.018753251
.031971861
.019254207
.033948092
.016958863
.009666176
.045328572
.023325961
.020726530
.020247159
.019634645
.006734039
.010905686
.018896603
.020020323
.022919932
.048937915
.050440650
.028109550
.019532801
.019670212
.024423132
.021099928
.011047979
.030853347
.032076306
.014878733
.027751208
.024678619
.027250087
.020233445
.013522223
.040438937
.012024045
.033589466
.024023896
.029480640
.021942648
.014449166
.034033254
.023871636
.027565004
.016289869
.048162702
.008120254
.023519622
.023709485
.040048188
.063079533
.014442650
.006046670
.018972287
.027865525
.051674184
.026193716
.020736566
.036826346
.038598059
.077719191
.028739768
.008742053
.055908137
.017197004
.006820044
.035506252
.022946018
.021436215
.028344053
.026817269
.026194539
.047482398
.014085879
.023876904
.009737880
.053472124
.017463038
.020957280
.026357060
.017824624
.021488244
.045923239
.023368879
.035561304
.014915493
.010974668
.022082644
.043894450
.029301667
.024549281
.018605679
.021571040
.014154114
.028224960
.024511518
.060622878
.004316976
.014528411
.015893676
.014556792
.015584083
.017386901
.073070878
.011050782
.008776388
.064464766
.067239743
.016534680
.014557698
.033053632
.011386723
.025519843
.035197473
.017336620
.075324333
.018926684
.015495183
.017328591
.024394288
.009986490
.022934850
.012810776
.050510799
.016006066
.020191380
.015391626
.063335448
.013172183
.002835141
.012912769
.010579893
.005120912
.014297343
.015326358
.020601947
.028426509
.020594829
.013853188
.016784394
.033052505
.018348533
.027111189
.016019112
.023401629
.027838718
.003523872
.002545007
.004582886
.007444234
.015627801
.007966853
.010415105
.011398664
.017485224
.015388688
.011089925
.007739485
.010302715
.018629130
.010734508
.016435859
.015196270
.012919194
.014938151
.011774616
.007867784
.017536864
.017179008
.017205417
.017810613
.018574306
.016798071
.015266372
.018916680
.022611938
.003979763
.027073758
.026885855
.014160917
.020133938
.022809356
.021290216
.021227076
.020521957
.016859114
.023141823
.013943234
.021405835
.019785551
.015229564
.022632770
.021598111
.036738211
.032525543
.028786402
.022061666
.021513054
.020180842
.023930732
.024628831
.022105891
.027018717
.013220668
.021104493
.021542349
.018045377
.023647151
.021476658
.019114553
.015870512
.016955045
.021723006
.026618715
.028943470
.019229283
.022588775
.030272947
.050633906
.036909928
.021550334
.035507182
.024558300
.022968223
.022495663
.021533410
.022351321
.021277615
.020835806
.022434954
.020340526
.021157164
.021644518
.029344462
.032205111
.035188136
.026566014
.024342413
.063736347
.022487840
.030583517
.015046072
.023579633
.027057276
.010075107
.026860780
.028460144
.027194630
.019590055
.023042017
.020972095
.031842485
.024945627
.029435240
.047948608
.024755194
.029210672
.028466690
.030029728
.024226622
.027867950
.035964399
.033819890
.031708787
.031301402
.026707991
.022013397
.034214544
.024103506
.021850599
.024720884
.014387617
.024365245
.003642162
.025950200
.033668544
.052127538
.029990267
.030854032
.023368425
.032305222
.025493054
.024341434
.029775062
.021307499
.031873509
.022455024
.030322437
.032165986
.022784778
.015152146
.018907543
.016546763
.017510632
.023120927
.023345898
.029041374
.019076100
.013874810
.023147413
.029923071
.022149757
.026820377
.026709470
.022388413
.022372603
.016868863
.024168249
.007058859
.012729457
.005197079
.030943900
.025087755
.011923558
.010069681
.026538008
.009302946
.005715163
.012493763
.008345248
.028876186
.012335431
.014328925
.029861186
.015064546
.027684738
.008545968
.006328113
.025743901
.028398098
.012329447
.007110605
.008589897
.026352797
.014082966
.011502779
.006212770
.011110123
.013819025
.005993445
.005326769
.007451900
.020201834
.015344506
.017431905
.014738914
.002636378
.004239198
.006485366
.008313460
.011609649
.006004567
.010476651
.011106000
.004670686
.008663611
.003257580
.010156406
.016987325
.017165526
.008039002
.004296191
.006984386
.012262146
.007453891
.021760814
.013662701
.014956867
.022322000
.013457978
.017611439
.021418039
.022303168
.022020150
.010441887
.010065388
.023127787
.024257036
.012741497
.017543064
.017615911
.029963515
.023518016
.016316201
.023345976
.014370498
.013930606
.021865433
.019706461
.017244035
.013937157
.018439791
.021855704
.009117999
.018888110
.017535342
.020556041
.015417918
.017824895
.015291910
.012541614
.025316763
.019920209
.018222465
.012514932
.026529986
.018420546
.029508671
.015778539
.028132414
.020885690
.026954131
.019987631
.014084871
.027372027
.025872270
.020284359
.020855624
.022100400
.020049063
.018395686
.021736707
.030198284
.021220766
.030813584
.023299197
.024583167
.023680186
.019721889
.011261442
.026359644
.024447573
.023913097
.019195721
.023768901
.018161052
.022071613
.022639674
.025240187
.020516396
.021992785
.017865051
.022838277
.019550863
.024616687
.021992894
.020017632
.019316380
.023021649
.029391979
.022145471
.022901088
.025942180
.015431728
.020200137
.028251245
.020347808
.023815415
.025612372
.025908183
.021949939
.020522617
.018383897
.024912517
.031183600
.028117130
.029824044
.016568654
.021124226
.018566271
.022670521
.021737675
.018564025
.027463875
.014007223
.020900713
.012718377
.011790096
.029036615
.055555182
.013221593
.024426663
.017718815
.018353013
.017901814
.020712966
.035025755
.017545685
.022753231
.025081524
.006780686
.010468074
.016367627
.018465144
.012161522
.016796909
.017736252
.017627193
.018509556
.019373293
.014070847
.022367793
.021584486
.019567956
.017073313
.017382880
.010720544
.016482001
.019518768
.017719178
.017935182
.013922240
.017355811
.018185398
.007066481
.030186233
.014250893
.010217713
.015434380
.032494000
.018598969
.014293785
.019015917
.009236987
.013606925
.010121200
.018974567
.010603947
.011450393
.014763188
.013112593
.015064334
.016478676
.017254446
.020091219
.016112700
.014810926
.020919735
.011595520
.011313934
.016765380
.021685612
.009340496
.014766513
.011945621
.014284203
.003044538
.004619709
.004439685
.002694084
.009759583
.005355394
.008242719
.009650829
.008368540
.012587281
.008025346
.011790439
.016661689
.012236455
.016711240
.016955376
.016923516
.021168047
.019021237
.018836869
.014397997
.019562848
.018741898
.022181935
.023330605
.019422557
.021865176
.016871408
.016729928
.011618503
.022985314
.024099590
.015775681
.022875344
.013877260
.016973754
.015123937
.018999324
.022402080
.027280880
.017071726
.023823015
.033058719
.022058907
.020577193
.024508697
.023924877
.024634845
.024332220
.016573174
.027044200
.023601722
.021027318
.026343856
.022640190
.028274798
.029604278
.018438515
.030081856
.020015596
.016423792
.017505882
.021788581
.030856799
.020339037
.020762038
.044663998
.028278703
.024958894
.031897739
.020767106
.022969360
.027196146
.027460823
.028392006
.027036685
.022601002
.019751060
.022339605
.018803725
.030717701
.022700899
.025493949
.027244679
.029295125
.023020676
.021208307
.032278885
.029309953
.024079377
.021350398
.040579168
.023181338
.029272700
.031369775
.021961745
.032003202
.023274893
.028878283
.019902984
.028192709
.027782649
.039249732
.034942471
.022221352
.024818831
.051700931
.023216912
.023958165
.028769293
.025553177
.019883372
.028934282
.019504260
.020562033
.021297743
.025702349
.026623560
.026668029
.023797775
.031693718
.018635348
.027383021
.032382086
.028335570
.028595835
.020704594
.038171453
.032342730
.020830252
.026123158
.031066958
.034455585
.028729652
.019566295
.033810228
.029291508
.025804016
.027409700
.028743582
.018434656
.031880879
.024382254
.038397083
.030601842
.019497530
.036303828
.018158469
.024567384
.021797981
.028960060
.021181309
.017663042
.019270806
.025179660
.020732127
.021004580
.019873470
.019136619
.010738414
.017751011
.020605448
.018458952
.025277298
.012810018
.020940741
.020411808
.024025773
.013628913
.024257445
.020235519
.012996967
.022038162
.024578244
.015877075
.022167935
.025589889
.023763523
.016305417
.015311834
.015464578
.020725640
.014968344
.022213970
.013184937
.017693064
.013209131
.015936627
.012788116
.014281778
.017317221
.010652852
.012735729
.021181752
.011067083
.012833036
.012399531
.020919018
.018185399
.013489173
.005521228
.004836515
.003712945
.010756765
.006647308
.003609839
.008770254
.005207855
.010439453
.011543795
.014856396
.014044194
.014386665
.004005515
.015970482
.005454272
.014798117
.010679705
.012013433
.011164741
.010802749
.016346809
.016142827
.004930574
.020191574
.011209711
.016634035
.011087573
.022840652
.010549304
.020522165
.017554043
.016257222
.017384920
.012206283
.023099127
.020293256
.026310255
.020410365
.015442252
.015778666
.025856936
.017454341
.019401559
.023857606
.026235744
.018567318
.015719330
.020043058
.015352939
.020893101
.021364269
.019018454
.024235391
.015182592
.027799660
.020325233
.015618694
.022247813
.017720778
.021264829
.022230459
.022719891
.021207291
.018361140
.021458264
.018751021
.018135480
.018065663
.026331240
.017821317
.023776356
.027397778
.018268146
.019724305
.019913611
.021700581
.027020955
.018756133
.023336124
.026601011
.038017319
.022796772
.016674417
.021570872
.019674407
.020072341
.023718738
.019573039
.016994640
.018384196
.030793599
.019869770
.021166123
.012160247
.022690602
.025060211
.039670248
.029447102
.026172193
.026962880
.020297176
.027154916
.034273740
.027099664
.034314058
.017553670
.016369193
.019279062
.027837183
.017978604
.019213406
.028207640
.022982746
.022028314
.018406481
.068375719
.026174882
.024693270
.026403264
.019922961
.024559941
.018516414
.020647662
.016045151
.023351462
.016471015
.021077157
.024638017
.009391042
.012358758
.014149238
.014123108
.016381254
.015414716
.020840677
.026495647
.022712130
.012180948
.027328064
.013360215
.008709362
.022181274
.017658457
.022087227
.017798860
.023041699
.018851184
.015500526
.027966672
.016728707
.013754169
.009947244
.005738687
.012561127
.017033797
.019949750
.020403867
.020926486
.013188083
.025271790
.012949211
.015629480
.028896466
.020538703
.014892181
.016486952
.015905386
.010951219
.024516481
.019897379
.012592427
.009499510
.015836797
.009947328
.008086326
.012041188
.016882805
.010206958
.010159842
.008843872
.011916137
.022043578
.010385872
.015933562
.010853811
.021366555
.022439386
.018640880
.008960625
.018641320
.017240852
.014057386
.012797621
.011700414
.010420097
.011647871
.015744884
.015243737
.009736334
.002564225
.003349488
.006816461
.006066361
.004569261
.006198197
.009513729
.006019121
.007061695
.012619583
.012348000
.015168106
.010906124
.010998188
.009774306
.013567150
.009799474
.013164291
.009758296
.017201849
.011992663
.019719800
.019598517
.011308920
.021272268
.027435389
.019659354
.010762615
.016910402
.022229712
.019109071
.019068379
.015286460
.013896517
.018935727
.016280320
.018827681
.029193485
.023965615
.024268023
.018247628
.016970540
.020520915
.019042873
.016946411
.014830895
.028697972
.027018974
.024542192
.016143461
.016163360
.024441745
.022286105
.021485967
.012068870
.019995095
.013611992
.021008761
.019699862
.032426876
.019824961
.021400287
.025993567
.027812635
.025957111
.017787584
.012018328
.018048371
.034585093
.020329778
.019076475
.025822562
.020000656
.033878559
.022047384
.019381367
.024987058
.030290460
.019240308
.026122752
.048884194
.030513303
.029519803
.020485962
.019664163
.025971305
.032755489
.021187994
.023184305
.028847986
.028990602
.024688032
.025819537
.019599760
.020284568
.025688909
.033844479
.026901183
.022830010
.030917987
.028804245
.028915987
.028087561
.026737167
.024138749
.031579694
.034828899
.023259444
.029759599
.025473591
.030360061
.019386742
.020184563
.020418386
.029109889
.024276794
.039241467
.028569301
.023367477
.018976583
.034547896
.027804018
.026272973
.019392987
.039007129
.023249815
.025654806
.024285152
.025246393
.019855330
.025023404
.021820410
.025243339
.026554063
.021580191
.027257689
.020890832
.030620741
.028763886
.019677869
.020339355
.029159468
.033505152
.025632486
.025451259
.023707984
.024070891
.023081912
.025899949
.028398243
.015993735
.017408158
.020430949
.011994899
.011428171
.023449890
.024144294
.024275140
.017106967
.014799679
.027180128
.019602386
.028712958
.013878120
.025248380
.019862470
.018380581
.018991446
.020750513
.019050731
.011708164
.019605171
.021171443
.014306273
.012721174
.017316403
.024734021
.024482084
.021954364
.017492916
.023500756
.012257477
.017807099
.012358952
.021246750
.016872147
.012191525
.018920285
.012734833
.012775789
.014316137
.012475735
.008784531
.009034148
.017408624
.012085787
.018185094
.014330997
.015797204
.007715145
