2 .006901762
4 .008611480
19 .013271459
1 .011171569
26 .015850772
8 .011043685
7 .013937371
3 .017792486
6 .016721391
5 .009127763
17 .019953760
12 .013372288
25 .025349698
11 .035787532
14 .020408137
18 .030497056
22 .041822540
50 .021531561
30 .027091501
21 .010179777
13 .043137586
37 .012411943
31 .007553976
97 .052563238
61 .029000722
58 .049446411
46 .052425727
38 .067634967
98 .008631177
27 .044680747
119 .025572887
103 .046288638
85 .037643309
63 .031709337
80 .033637721
33 .056292414
23 .057613413
137 .037454567
55 .060388834
94 .028903216
79 .051850163
178 .046352946
59 .025336659
75 .069320021
100 .058481343
53 .071798533
107 .053057204
82 .057048091
39 .054167793
166 .051422316
175 .042177496
40 .041591539
108 .038239573
60 .066194346
90 .022024588
71 .060348872
65 .039887179
189 .052465883
138 .027293779
120 .037789785
164 .022260926
115 .047792423
122 .062840678
56 .057041902
91 .041986054
172 .027019958
95 .069438445
162 .029371546
106 .041637138
57 .040676708
128 .049983997
117 .040255109
112 .044874119
124 .044011310
64 .054534672
143 .065267376
123 .032833147
136 .049180597
86 .054016014
160 .019005613
134 .044666219
167 .020899458
198 .016541993
135 .012636655
88 .030616203
54 .061115891
81 .028055845
93 .063066687
127 .017541843
168 .072127839
194 .025598841
132 .028082864
177 .040562125
126 .068793330
159 .011344763
183 .049412489
163 .018594914
141 .024283785
24 .054033785
78 .084185978
145 .031430577
125 .034661017
149 .022806341
130 .065421104
69 .059857831
165 .025369515
199 .035528236
169 .054126266
154 .026596662
182 .019621968
173 .041144862
48 .045479161
109 .056351825
104 .040412180
171 .013110229
67 .064678486
36 .042678177
118 .028863886
83 .104245972
181 .017031953
190 .038705144
116 .035637880
155 .022378351
70 .059417601
35 .043651830
151 .037848420
129 .051539709
192 .018110947
133 .037982158
184 .032102285
131 .047960561
111 .089651639
139 .050184062
186 .026990929
102 .053930847
191 .032447863
195 .036536713
45 .045809931
187 .022764403
47 .015623277
193 .029103613
185 .037533259
157 .040724620
158 .019206435
113 .020023921
196 .023007895
77 1.044337935
43 1.048285264
87 1.051461067
121 1.049625556
73 1.045098590
176 1.016251706
200 1.003307497
49 1.054104317
101 1.081289552
148 1.038045701
140 1.036676281
144 1.047773789
153 1.041179569
89 1.258616110
28 1.288294404
152 77.408449299
123 786.428194616
1843.215312745 168
188 77.435963590
1850.108190055 196
16 77.558961027
170 77.449164141
161 77.428566854
72 77.466327282
1850.092945207 74
1852.454135628 49
26 786.528164454
1833.780330600 64
103 859.894312466
1833.693486655 69
1852.356950636 127
110 77.458220603
1852.433939985 93
1833.713040097 127
1850.153579208 7
1852.408656325 57
1850.132095194 55
1833.751683401 58
1852.389391378 200
1833.832894215 82
1833.757785673 155
1850.101259614 154
174 77.437206152
15 77.573068886
1850.070687020 181
180 77.427196675
1843.210346457 60
1843.192066460 90
1833.706729691 163
1833.792024669 84
1843.139543703 121
1852.364021245 183
1852.394154939 178
1852.443163828 38
1850.060076621 166
1852.332256630 192
1843.163136803 178
114 859.901743303
92 77.501687991
1843.164532103 93
1852.425433729 157
20 77.594805419
135 859.875760277
52 77.597421403
1833.792105625 122
16 786.563599193
1850.083647559 177
1833.864317209 29
150 77.448389420
1850.074032450 138
1850.051505630 165
1850.135166017 78
1843.266028051 133
147 77.493798765
1852.420516647 188
179 77.522789975
1843.119613984 137
1852.374586978 174
1852.505083213 1
141 859.912670566
95 786.431187312
1850.077766502 100
1833.840567975 167
1852.442963192 77
1850.058508695 99
47 859.966452583
88 786.487728532
1843.211450386 170
1843.112811133 199
1843.206956625 175
1843.182426494 196
1850.157968506 28
1843.163327413 106
1850.090614807 64
1843.183447707 27
1833.821647160 19
1833.785526846 195
1843.240577959 31
68 77.572354827
1852.447321350 76
50 786.532893309
123 859.866635375
1850.130223569 27
1833.716870507 189
1852.498819339 5
97 859.884384943
43 859.964371369
196 786.481733908
1850.108791005 37
51 77.589727282
183 859.844676656
1833.734571931 179
1843.228090063 52
74 77.545710902
1850.078314042 52
1852.513415146 9
162 786.465680338
1833.801692686 38
1850.108850558 36
120 786.428856951
1852.466819053 13
1843.205203260 151
1852.424105926 53
114 77.544570930
1843.158696488 187
1833.841643459 81
195 786.510349829
1852.495529736 40
102 786.506450551
1833.761219254 143
1850.156246992 14
10 77.594869824
1843.177011583 173
1852.448346821 80
1850.110286178 145
17 786.590389282
1852.452298589 81
197 77.491660004
1852.350473301 150
197 786.483989766
1852.425961329 83
1850.064395049 161
1850.114540698 133
1852.367992628 153
1843.198464012 167
1843.210210934 146
1833.818101168 135
1843.210530911 70
144 786.496896758
1833.859953851 30
98 786.515494561
1833.730494135 67
1843.120998930 108
1843.280632069 23
146 77.534824895
38 786.580950736
1852.436963729 191
32 77.578398462
27 786.576325219
1843.201106916 39
1833.729120901 170
1843.185457546 188
1843.243909248 17
42 77.530225454
1833.834711884 65
1833.790895963 110
1833.798477132 88
1852.398667960 79
1852.531688252 10
1833.860644977 107
1852.431032212 194
1833.821238478 147
1843.268433975 43
1843.269684729 47
1850.088528953 148
66 786.581631975
96 77.575410859
1843.162813968 55
42 786.576496817
44 77.435415604
1850.175500559 10
118 786.504582202
100 786.538042595
147 786.486929264
1843.117055459 88
113 786.525359895
1852.395556059 165
95 859.969496169
192 859.942698864
1852.504117619 67
1833.731044358 174
1852.487768202 180
72 859.930742682
1850.129231189 30
1852.456761584 70
1843.180815092 72
1843.160396985 159
43 786.568065945
1852.474891261 47
101 859.978443886
128 859.899741418
1850.109214823 66
64 786.555458856
1852.426860762 117
15 860.009924395
1850.130485279 167
1833.903121702 26
28 786.566322566
1850.152932152 119
1850.132539425 195
83 859.960682911
129 859.968241684
52 786.550647516
1843.169511678 183
1850.117098839 120
44 860.001992394
1850.204812121 6
1843.217622622 69
1833.807736062 57
10 786.596741026
76 77.603126306
68 786.582009002
24 860.020024028
1843.102418383 198
1833.868521060 16
140 786.558892260
1843.212454771 46
1833.894937091 18
84 860.024965305
76 859.951211101
133 786.528187070
104 786.581663553
1852.505262203 35
96 786.508846574
8 786.596452080
1850.166988770 171
1852.444476812 58
9 77.681607632
13 860.056973204
1833.832224083 73
99 77.598493035
113 859.957892749
148 859.954156707
1833.798486421 176
153 786.520436169
131 786.476437887
1850.106415600 98
1843.280176063 36
164 786.509952553
8 859.997498717
78 786.527678279
84 77.570125935
1850.176044290 76
1850.138445804 90
66 77.612283850
1843.287968432 141
1850.143068209 130
1852.494183941 146
1843.205762267 78
41 77.636215042
1850.135436992 43
1843.243135824 107
1833.897244045 70
1850.145233666 139
34 77.640640867
156 786.478681228
1833.816213882 171
14 786.578073344
1833.811536662 71
1852.494377608 61
6 786.599926024
20 786.605825746
1852.533084795 7
128 786.495761322
29 77.629603623
1852.419647158 120
1852.541480570 19
1843.295221490 29
142 77.529229055
1850.166602014 116
137 786.569528419
1850.231508082 1
105 77.533913888
1850.106772732 160
1852.523951551 14
1852.446130422 73
1852.487880374 63
1852.487465814 103
179 786.474660159
1852.431926090 147
1843.193181395 79
1852.443845956 112
1852.516545575 132
1850.138461375 164
1843.269954652 38
1852.445006920 118
14 860.010371690
61 786.527183081
1833.839362031 34
62 77.617408017
200 859.918731006
91 786.524616243
129 786.548798344
1852.425171460 122
33 786.593422332
156 77.433342321
1850.109468757 143
45 860.003251552
57 860.000578421
47 786.586974069
1850.174313533 40
1850.106163627 56
139 786.540166879
1833.926866016 33
1833.810538580 166
1843.310691089 13
1843.230883438 174
73 786.614125685
163 859.916674282
